-20	1.04941e-44	1.04941e-44
-19.8997	2.85259e-44	2.85259e-44
-19.7995	7.71521e-44	7.71521e-44
-19.6992	2.07623e-43	2.07623e-43
-19.599	5.55929e-43	5.55929e-43
-19.4987	1.48109e-42	1.48109e-42
-19.3985	3.9261e-42	3.9261e-42
-19.2982	1.03552e-41	1.03552e-41
-19.198	2.71753e-41	2.71753e-41
-19.0977	7.0959e-41	7.0959e-41
-18.9975	1.84356e-40	1.84356e-40
-18.8972	4.76569e-40	4.76569e-40
-18.797	1.22578e-39	1.22578e-39
-18.6967	3.137e-39	3.137e-39
-18.5965	7.98796e-39	7.98796e-39
-18.4962	2.02383e-38	2.02383e-38
-18.396	5.10188e-38	5.10188e-38
-18.2957	1.27969e-37	1.27969e-37
-18.1955	3.19371e-37	3.19371e-37
-18.0952	7.93058e-37	7.93058e-37
-17.995	1.95944e-36	1.95944e-36
-17.8947	4.81699e-36	4.81699e-36
-17.7945	1.17825e-35	1.17825e-35
-17.6942	2.86759e-35	2.86759e-35
-17.594	6.94408e-35	6.94408e-35
-17.4937	1.67313e-34	1.67313e-34
-17.3935	4.01109e-34	4.01109e-34
-17.2932	9.5678e-34	9.5678e-34
-17.193	2.27081e-33	2.27081e-33
-17.0927	5.36247e-33	5.36247e-33
-16.9925	1.25999e-32	1.25999e-32
-16.8922	2.9457e-32	2.9457e-32
-16.792	6.85215e-32	6.85215e-32
-16.6917	1.58593e-31	1.58593e-31
-16.5915	3.65222e-31	3.65222e-31
-16.4912	8.3685e-31	8.3685e-31
-16.391	1.9079e-30	1.9079e-30
-16.2907	4.32796e-30	4.32796e-30
-16.1905	9.76848e-30	9.76848e-30
-16.0902	2.19376e-29	2.19376e-29
-15.99	4.90194e-29	4.90194e-29
-15.8897	1.08985e-28	1.08985e-28
-15.7895	2.4109e-28	2.4109e-28
-15.6892	5.30654e-28	5.30654e-28
-15.589	1.16215e-27	1.16215e-27
-15.4887	2.53238e-27	2.53238e-27
-15.3885	5.49053e-27	5.49053e-27
-15.2882	1.18445e-26	1.18445e-26
-15.188	2.54236e-26	2.54236e-26
-15.0877	5.42969e-26	5.42969e-26
-14.9875	1.1538e-25	1.1538e-25
-14.8872	2.43952e-25	2.43952e-25
-14.787	5.13209e-25	5.13209e-25
-14.6867	1.07424e-24	1.07424e-24
-14.5865	2.23733e-24	2.23733e-24
-14.4862	4.63632e-24	4.63632e-24
-14.386	9.55948e-24	9.55948e-24
-14.2857	1.96116e-23	1.96116e-23
-14.1855	4.00322e-23	4.00322e-23
-14.0852	8.13063e-23	8.13063e-23
-13.985	1.64307e-22	1.64307e-22
-13.8847	3.30374e-22	3.30374e-22
-13.7845	6.60956e-22	6.60956e-22
-13.6842	1.3157e-21	1.3157e-21
-13.584	2.60591e-21	2.60591e-21
-13.4837	5.13547e-21	5.13547e-21
-13.3835	1.00697e-20	1.00697e-20
-13.2832	1.96459e-20	1.96459e-20
-13.183	3.81369e-20	3.81369e-20
-13.0827	7.36608e-20	7.36608e-20
-12.9825	1.41561e-19	1.41561e-19
-12.8822	2.70689e-19	2.70689e-19
-12.782	5.15008e-19	5.15008e-19
-12.6817	9.74933e-19	9.74933e-19
-12.5815	1.83634e-18	1.83634e-18
-12.4812	3.44152e-18	3.44152e-18
-12.381	6.41747e-18	6.41747e-18
-12.2807	1.19068e-17	1.19068e-17
-12.1805	2.19809e-17	2.19809e-17
-12.0802	4.03749e-17	4.03749e-17
-11.9799	7.37897e-17	7.37897e-17
-11.8797	1.34183e-16	1.34183e-16
-11.7794	2.42783e-16	2.42783e-16
-11.6792	4.37074e-16	4.37074e-16
-11.5789	7.82907e-16	7.82907e-16
-11.4787	1.39535e-15	1.39535e-15
-11.3784	2.47442e-15	2.47442e-15
-11.2782	4.36597e-15	4.36597e-15
-11.1779	7.6649e-15	7.6649e-15
-11.0777	1.3389e-14	1.3389e-14
-10.9774	2.32708e-14	2.32708e-14
-10.8772	4.02429e-14	4.02429e-14
-10.7769	6.92444e-14	6.92444e-14
-10.6767	1.18549e-13	1.18549e-13
-10.5764	2.01943e-13	2.01943e-13
-10.4762	3.42278e-13	3.42278e-13
-10.3759	5.77225e-13	5.77225e-13
-10.2757	9.68566e-13	9.68566e-13
-10.1754	1.61708e-12	1.61708e-12
-10.0752	2.68628e-12	2.68628e-12
-9.97494	4.44005e-12	4.44005e-12
-9.87469	7.30201e-12	7.30201e-12
-9.77444	1.19485e-11	1.19485e-11
-9.67419	1.94538e-11	1.94538e-11
-9.57393	3.15146e-11	3.15146e-11
-9.47368	5.07969e-11	5.07969e-11
-9.37343	8.14667e-11	8.14667e-11
-9.27318	1.29999e-10	1.29999e-10
-9.17293	2.06404e-10	2.06404e-10
-9.07268	3.26073e-10	3.26073e-10
-8.97243	5.1254e-10	5.1254e-10
-8.87218	8.01602e-10	8.01602e-10
-8.77193	1.24741e-09	1.24741e-09
-8.67168	1.93141e-09	1.93141e-09
-8.57143	2.97548e-09	2.97548e-09
-8.47118	4.56099e-09	4.56099e-09
-8.37093	6.9563e-09	6.9563e-09
-8.27068	1.05564e-08	1.05564e-08
-8.17043	1.59393e-08	1.59393e-08
-8.07018	2.39465e-08	2.39465e-08
-7.96992	3.57957e-08	3.57957e-08
-7.86967	5.324e-08	5.324e-08
-7.76942	7.87886e-08	7.87886e-08
-7.66917	1.16013e-07	1.16013e-07
-7.56892	1.69968e-07	1.69968e-07
-7.46867	2.47767e-07	2.47767e-07
-7.36842	3.59368e-07	3.59368e-07
-7.26817	5.18624e-07	5.18624e-07
-7.16792	7.44703e-07	7.44703e-07
-7.06767	1.06397e-06	1.06397e-06
-6.96742	1.51251e-06	1.51251e-06
-6.86717	2.13934e-06	2.13934e-06
-6.76692	3.0108e-06	3.0108e-06
-6.66667	4.216e-06	4.216e-06
-6.56642	5.87405e-06	5.87405e-06
-6.46617	8.14313e-06	8.14313e-06
-6.36591	1.12322e-05	1.12322e-05
-6.26566	1.54153e-05	1.54153e-05
-6.16541	2.10504e-05	2.10504e-05
-6.06516	2.86012e-05	2.86012e-05
-5.96491	3.86657e-05	3.86657e-05
-5.86466	5.20099e-05	5.20099e-05
-5.76441	6.96087e-05	6.96087e-05
-5.66416	9.26955e-05	9.26955e-05
-5.56391	0.000122821	0.000122821
-5.46366	0.000161921	0.000161921
-5.36341	0.000212398	0.000212398
-5.26316	0.000277214	0.000277214
-5.16291	0.000359997	0.000359997
-5.06266	0.000465157	0.000465157
-4.96241	0.000598024	0.000598024
-4.86216	0.000764988	0.000764988
-4.7619	0.000973662	0.000973662
-4.66165	0.00123305	0.00123305
-4.5614	0.00155371	0.00155371
-4.46115	0.00194794	0.00194794
-4.3609	0.00242996	0.00242996
-4.26065	0.00301607	0.00301607
-4.1604	0.00372478	0.00372478
-4.06015	0.00457697	0.00457697
-3.9599	0.00559594	0.00559594
-3.85965	0.00680747	0.00680747
-3.7594	0.00823978	0.00823978
-3.65915	0.00992347	0.00992347
-3.5589	0.0118913	0.0118913
-3.45865	0.0141779	0.0141779
-3.3584	0.0168195	0.0168195
-3.25815	0.0198532	0.0198532
-3.15789	0.0233167	0.0233167
-3.05764	0.0272471	0.0272471
-2.95739	0.0316804	0.0316804
-2.85714	0.0366505	0.0366505
-2.75689	0.0421877	0.0421877
-2.65664	0.0483181	0.0483181
-2.55639	0.055062	0.055062
-2.45614	0.0624326	0.0624326
-2.35589	0.0704349	0.0704349
-2.25564	0.0790647	0.0790647
-2.15539	0.0883069	0.0883069
-2.05514	0.0981351	0.0981351
-1.95489	0.108511	0.108511
-1.85464	0.119381	0.119381
-1.75439	0.130683	0.130683
-1.65414	0.142338	0.142338
-1.55388	0.154254	0.154254
-1.45363	0.166331	0.166331
-1.35338	0.178454	0.178454
-1.25313	0.190501	0.190501
-1.15288	0.202342	0.202342
-1.05263	0.213841	0.213841
-0.952381	0.224862	0.224862
-0.85213	0.235265	0.235265
-0.75188	0.244915	0.244915
-0.651629	0.253684	0.253684
-0.551378	0.261449	0.261449
-0.451128	0.268101	0.268101
-0.350877	0.273545	0.273545
-0.250627	0.2777	0.2777
-0.150376	0.280505	0.280505
-0.0501253	0.281918	0.281918
0.0501253	0.281918	0.281918
0.150376	0.280505	0.280505
0.250627	0.2777	0.2777
0.350877	0.273545	0.273545
0.451128	0.268101	0.268101
0.551378	0.261449	0.261449
0.651629	0.253684	0.253684
0.75188	0.244915	0.244915
0.85213	0.235265	0.235265
0.952381	0.224862	0.224862
1.05263	0.213841	0.213841
1.15288	0.202342	0.202342
1.25313	0.190501	0.190501
1.35338	0.178454	0.178454
1.45363	0.166331	0.166331
1.55388	0.154254	0.154254
1.65414	0.142338	0.142338
1.75439	0.130683	0.130683
1.85464	0.119381	0.119381
1.95489	0.108511	0.108511
2.05514	0.0981351	0.0981351
2.15539	0.0883069	0.0883069
2.25564	0.0790647	0.0790647
2.35589	0.0704349	0.0704349
2.45614	0.0624326	0.0624326
2.55639	0.055062	0.055062
2.65664	0.0483181	0.0483181
2.75689	0.0421877	0.0421877
2.85714	0.0366505	0.0366505
2.95739	0.0316804	0.0316804
3.05764	0.0272471	0.0272471
3.15789	0.0233167	0.0233167
3.25815	0.0198532	0.0198532
3.3584	0.0168195	0.0168195
3.45865	0.0141779	0.0141779
3.5589	0.0118913	0.0118913
3.65915	0.00992347	0.00992347
3.7594	0.00823978	0.00823978
3.85965	0.00680747	0.00680747
3.9599	0.00559594	0.00559594
4.06015	0.00457697	0.00457697
4.1604	0.00372478	0.00372478
4.26065	0.00301607	0.00301607
4.3609	0.00242996	0.00242996
4.46115	0.00194794	0.00194794
4.5614	0.00155371	0.00155371
4.66165	0.00123305	0.00123305
4.7619	0.000973662	0.000973662
4.86216	0.000764988	0.000764988
4.96241	0.000598024	0.000598024
5.06266	0.000465157	0.000465157
5.16291	0.000359997	0.000359997
5.26316	0.000277214	0.000277214
5.36341	0.000212398	0.000212398
5.46366	0.000161921	0.000161921
5.56391	0.000122821	0.000122821
5.66416	9.26955e-05	9.26955e-05
5.76441	6.96087e-05	6.96087e-05
5.86466	5.20099e-05	5.20099e-05
5.96491	3.86657e-05	3.86657e-05
6.06516	2.86012e-05	2.86012e-05
6.16541	2.10504e-05	2.10504e-05
6.26566	1.54153e-05	1.54153e-05
6.36591	1.12322e-05	1.12322e-05
6.46617	8.14313e-06	8.14313e-06
6.56642	5.87405e-06	5.87405e-06
6.66667	4.216e-06	4.216e-06
6.76692	3.0108e-06	3.0108e-06
6.86717	2.13934e-06	2.13934e-06
6.96742	1.51251e-06	1.51251e-06
7.06767	1.06397e-06	1.06397e-06
7.16792	7.44703e-07	7.44703e-07
7.26817	5.18624e-07	5.18624e-07
7.36842	3.59368e-07	3.59368e-07
7.46867	2.47767e-07	2.47767e-07
7.56892	1.69968e-07	1.69968e-07
7.66917	1.16013e-07	1.16013e-07
7.76942	7.87886e-08	7.87886e-08
7.86967	5.324e-08	5.324e-08
7.96992	3.57957e-08	3.57957e-08
8.07018	2.39465e-08	2.39465e-08
8.17043	1.59393e-08	1.59393e-08
8.27068	1.05564e-08	1.05564e-08
8.37093	6.9563e-09	6.9563e-09
8.47118	4.56099e-09	4.56099e-09
8.57143	2.97548e-09	2.97548e-09
8.67168	1.93141e-09	1.93141e-09
8.77193	1.24741e-09	1.24741e-09
8.87218	8.01602e-10	8.01602e-10
8.97243	5.1254e-10	5.1254e-10
9.07268	3.26073e-10	3.26073e-10
9.17293	2.06404e-10	2.06404e-10
9.27318	1.29999e-10	1.29999e-10
9.37343	8.14667e-11	8.14667e-11
9.47368	5.07969e-11	5.07969e-11
9.57393	3.15146e-11	3.15146e-11
9.67419	1.94538e-11	1.94538e-11
9.77444	1.19485e-11	1.19485e-11
9.87469	7.30201e-12	7.30201e-12
9.97494	4.44005e-12	4.44005e-12
10.0752	2.68628e-12	2.68628e-12
10.1754	1.61708e-12	1.61708e-12
10.2757	9.68566e-13	9.68566e-13
10.3759	5.77225e-13	5.77225e-13
10.4762	3.42278e-13	3.42278e-13
10.5764	2.01943e-13	2.01943e-13
10.6767	1.18549e-13	1.18549e-13
10.7769	6.92444e-14	6.92444e-14
10.8772	4.02429e-14	4.02429e-14
10.9774	2.32708e-14	2.32708e-14
11.0777	1.3389e-14	1.3389e-14
11.1779	7.6649e-15	7.6649e-15
11.2782	4.36597e-15	4.36597e-15
11.3784	2.47442e-15	2.47442e-15
11.4787	1.39535e-15	1.39535e-15
11.5789	7.82907e-16	7.82907e-16
11.6792	4.37074e-16	4.37074e-16
11.7794	2.42783e-16	2.42783e-16
11.8797	1.34183e-16	1.34183e-16
11.9799	7.37897e-17	7.37897e-17
12.0802	4.03749e-17	4.03749e-17
12.1805	2.19809e-17	2.19809e-17
12.2807	1.19068e-17	1.19068e-17
12.381	6.41747e-18	6.41747e-18
12.4812	3.44152e-18	3.44152e-18
12.5815	1.83634e-18	1.83634e-18
12.6817	9.74933e-19	9.74933e-19
12.782	5.15008e-19	5.15008e-19
12.8822	2.70689e-19	2.70689e-19
12.9825	1.41561e-19	1.41561e-19
13.0827	7.36608e-20	7.36608e-20
13.183	3.81369e-20	3.81369e-20
13.2832	1.96459e-20	1.96459e-20
13.3835	1.00697e-20	1.00697e-20
13.4837	5.13547e-21	5.13547e-21
13.584	2.60591e-21	2.60591e-21
13.6842	1.3157e-21	1.3157e-21
13.7845	6.60956e-22	6.60956e-22
13.8847	3.30374e-22	3.30374e-22
13.985	1.64307e-22	1.64307e-22
14.0852	8.13063e-23	8.13063e-23
14.1855	4.00322e-23	4.00322e-23
14.2857	1.96116e-23	1.96116e-23
14.386	9.55948e-24	9.55948e-24
14.4862	4.63632e-24	4.63632e-24
14.5865	2.23733e-24	2.23733e-24
14.6867	1.07424e-24	1.07424e-24
14.787	5.13209e-25	5.13209e-25
14.8872	2.43952e-25	2.43952e-25
14.9875	1.1538e-25	1.1538e-25
15.0877	5.42969e-26	5.42969e-26
15.188	2.54236e-26	2.54236e-26
15.2882	1.18445e-26	1.18445e-26
15.3885	5.49053e-27	5.49053e-27
15.4887	2.53238e-27	2.53238e-27
15.589	1.16215e-27	1.16215e-27
15.6892	5.30654e-28	5.30654e-28
15.7895	2.4109e-28	2.4109e-28
15.8897	1.08985e-28	1.08985e-28
15.99	4.90194e-29	4.90194e-29
16.0902	2.19376e-29	2.19376e-29
16.1905	9.76848e-30	9.76848e-30
16.2907	4.32796e-30	4.32796e-30
16.391	1.9079e-30	1.9079e-30
16.4912	8.3685e-31	8.3685e-31
16.5915	3.65222e-31	3.65222e-31
16.6917	1.58593e-31	1.58593e-31
16.792	6.85215e-32	6.85215e-32
16.8922	2.9457e-32	2.9457e-32
16.9925	1.25999e-32	1.25999e-32
17.0927	5.36247e-33	5.36247e-33
17.193	2.27081e-33	2.27081e-33
17.2932	9.5678e-34	9.5678e-34
17.3935	4.01109e-34	4.01109e-34
17.4937	1.67313e-34	1.67313e-34
17.594	6.94408e-35	6.94408e-35
17.6942	2.86759e-35	2.86759e-35
17.7945	1.17825e-35	1.17825e-35
17.8947	4.81699e-36	4.81699e-36
17.995	1.95944e-36	1.95944e-36
18.0952	7.93058e-37	7.93058e-37
18.1955	3.19371e-37	3.19371e-37
18.2957	1.27969e-37	1.27969e-37
18.396	5.10188e-38	5.10188e-38
18.4962	2.02383e-38	2.02383e-38
18.5965	7.98796e-39	7.98796e-39
18.6967	3.137e-39	3.137e-39
18.797	1.22578e-39	1.22578e-39
18.8972	4.76569e-40	4.76569e-40
18.9975	1.84356e-40	1.84356e-40
19.0977	7.0959e-41	7.0959e-41
19.198	2.71753e-41	2.71753e-41
19.2982	1.03552e-41	1.03552e-41
19.3985	3.9261e-42	3.9261e-42
19.4987	1.48109e-42	1.48109e-42
19.599	5.55929e-43	5.55929e-43
19.6992	2.07623e-43	2.07623e-43
19.7995	7.71521e-44	7.71521e-44
19.8997	2.85259e-44	2.85259e-44
20	1.04941e-44	1.04941e-44
