-20	1.27322e-20	2.38967e-32
-19.8997	2.65745e-20	4.87894e-32
-19.7995	4.27329e-20	9.92553e-32
-19.6992	6.26142e-20	2.01199e-31
-19.599	8.79468e-20	4.06385e-31
-19.4987	1.20931e-19	8.17888e-31
-19.3985	1.64427e-19	1.64018e-30
-19.2982	2.22203e-19	3.27742e-30
-19.198	2.99257e-19	6.5255e-30
-19.0977	4.02249e-19	1.29461e-29
-18.9975	5.40069e-19	2.55921e-29
-18.8972	7.24599e-19	5.04098e-29
-18.797	9.71728e-19	9.89387e-29
-18.6967	1.30271e-18	1.93491e-28
-18.5965	1.74599e-18	3.77047e-28
-18.4962	2.33959e-18	7.32107e-28
-18.396	3.13437e-18	1.41643e-27
-18.2957	4.19837e-18	2.7306e-27
-18.1955	5.62252e-18	5.24521e-27
-18.0952	7.52841e-18	1.00395e-26
-17.995	1.00785e-17	1.9147e-26
-17.8947	1.34899e-17	3.63858e-26
-17.7945	1.80527e-17	6.8898e-26
-17.6942	2.41541e-17	1.29994e-25
-17.594	3.23117e-17	2.44389e-25
-17.4937	4.32158e-17	4.57808e-25
-17.3935	5.77885e-17	8.54528e-25
-17.2932	7.72596e-17	1.58932e-24
-17.193	1.0327e-16	2.94537e-24
-17.0927	1.3801e-16	5.43889e-24
-16.9925	1.84397e-16	1.00074e-23
-16.8922	2.46322e-16	1.83475e-23
-16.792	3.28973e-16	3.35177e-23
-16.6917	4.3926e-16	6.10118e-23
-16.5915	5.8639e-16	1.10661e-22
-16.4912	7.82623e-16	1.99995e-22
-16.391	1.04428e-15	3.60152e-22
-16.2907	1.3931e-15	6.46241e-22
-16.1905	1.85799e-15	1.15543e-21
-16.0902	2.47741e-15	2.05844e-21
-15.99	3.30252e-15	3.65404e-21
-15.8897	4.40133e-15	6.46325e-21
-15.7895	5.86423e-15	1.13912e-20
-15.6892	7.81134e-15	2.00047e-20
-15.589	1.04022e-14	3.50056e-20
-15.4887	1.38487e-14	6.10357e-20
-15.3885	1.8432e-14	1.06041e-19
-15.2882	2.45253e-14	1.83571e-19
-15.188	3.26237e-14	3.16649e-19
-15.0877	4.33837e-14	5.44244e-19
-14.9875	5.76755e-14	9.32077e-19
-14.8872	7.66525e-14	1.59057e-18
-14.787	1.01842e-13	2.70455e-18
-14.6867	1.35268e-13	4.58226e-18
-14.5865	1.79607e-13	7.73583e-18
-14.4862	2.38402e-13	1.3013e-17
-14.386	3.1634e-13	2.18116e-17
-14.2857	4.19615e-13	3.64286e-17
-14.1855	5.56416e-13	6.06232e-17
-14.0852	7.37557e-13	1.00526e-16
-13.985	9.77319e-13	1.66096e-16
-13.8847	1.29455e-12	2.73452e-16
-13.7845	1.71411e-12	4.48587e-16
-13.6842	2.2688e-12	7.33254e-16
-13.584	3.00181e-12	1.19428e-15
-13.4837	3.97008e-12	1.93819e-15
-13.3835	5.24854e-12	3.13424e-15
-13.2832	6.93585e-12	5.0502e-15
-13.183	9.16172e-12	8.10826e-15
-13.0827	1.20967e-11	1.29715e-14
-12.9825	1.59649e-11	2.06772e-14
-12.8822	2.10606e-11	3.28427e-14
-12.782	2.77699e-11	5.19789e-14
-12.6817	3.65995e-11	8.19705e-14
-12.5815	4.82132e-11	1.28804e-13
-12.4812	6.3481e-11	2.01672e-13
-12.381	8.35417e-11	3.14632e-13
-12.2807	1.09885e-10	4.89105e-13
-12.1805	1.4446e-10	7.57608e-13
-12.0802	1.8981e-10	1.16931e-12
-11.9799	2.4926e-10	1.79827e-12
-11.8797	3.27146e-10	2.75565e-12
-11.7794	4.29121e-10	4.2076e-12
-11.6792	5.62549e-10	6.40159e-12
-11.5789	7.37017e-10	9.70474e-12
-11.4787	9.64995e-10	1.46596e-11
-11.3784	1.26269e-09	2.20649e-11
-11.2782	1.65114e-09	3.30921e-11
-11.1779	2.15765e-09	4.94526e-11
-11.0777	2.81761e-09	7.3637e-11
-10.9774	3.67685e-09	1.09256e-10
-10.8772	4.79467e-09	1.61524e-10
-10.7769	6.2477e-09	2.37942e-10
-10.6767	8.1349e-09	3.49258e-10
-10.5764	1.05839e-08	5.10817e-10
-10.4762	1.37593e-08	7.44433e-10
-10.3759	1.78726e-08	1.08101e-09
-10.2757	2.31962e-08	1.56413e-09
-10.1754	3.00796e-08	2.25508e-09
-10.0752	3.89711e-08	3.2396e-09
-9.97494	5.04451e-08	4.63728e-09
-9.87469	6.52366e-08	6.61421e-09
-9.77444	8.42845e-08	9.40014e-09
-9.67419	1.08787e-07	1.33117e-08
-9.57393	1.40272e-07	1.87834e-08
-9.47368	1.80682e-07	2.64094e-08
-9.37343	2.32486e-07	3.69985e-08
-9.27318	2.98816e-07	5.16478e-08
-9.17293	3.83642e-07	7.18393e-08
-9.07268	4.91982e-07	9.95668e-08
-8.97243	6.30173e-07	1.37502e-07
-8.87218	8.06202e-07	1.89211e-07
-8.77193	1.03012e-06	2.59433e-07
-8.67168	1.31456e-06	3.54444e-07
-8.57143	1.67533e-06	4.82516e-07
-8.47118	2.13226e-06	6.54513e-07
-8.37093	2.71006e-06	8.8464e-07
-8.27068	3.43958e-06	1.1914e-06
-8.17043	4.35914e-06	1.59879e-06
-8.07018	5.51635e-06	2.13779e-06
-7.96992	6.97013e-06	2.84829e-06
-7.86967	8.79328e-06	3.78132e-06
-7.76942	1.10756e-05	5.00202e-06
-7.66917	1.39274e-05	6.59311e-06
-7.56892	1.74841e-05	8.65918e-06
-7.46867	2.19115e-05	1.1332e-05
-7.36842	2.74116e-05	1.47767e-05
-7.26817	3.42307e-05	1.91995e-05
-7.16792	4.26676e-05	2.48569e-05
-7.06767	5.30838e-05	3.2066e-05
-6.96742	6.59159e-05	4.12179e-05
-6.86717	8.16891e-05	5.2792e-05
-6.76692	0.000101034	6.73741e-05
-6.66667	0.000124703	8.56762e-05
-6.56642	0.000153595	0.00010856
-6.46617	0.000188779	0.000137063
-6.36591	0.000231516	0.000172431
-6.26566	0.000283299	0.000216149
-6.16541	0.000345881	0.00026998
-6.06516	0.000421315	0.00033601
-5.96491	0.000511999	0.000416692
-5.86466	0.000620717	0.000514897
-5.76441	0.000750694	0.00063397
-5.66416	0.000905648	0.000777783
-5.56391	0.00108985	0.000950804
-5.46366	0.00130817	0.00115815
-5.36341	0.00156616	0.00140567
-5.26316	0.00187011	0.00169997
-5.16291	0.00222709	0.00204853
-5.06266	0.00264505	0.00245973
-4.96241	0.00313282	0.00294288
-4.86216	0.00370024	0.00350834
-4.7619	0.00435813	0.00416746
-4.66165	0.00511836	0.0049327
-4.5614	0.00599385	0.00581755
-4.46115	0.00699858	0.00683656
-4.3609	0.0081476	0.00800529
-4.26065	0.00945693	0.00934026
-4.1604	0.0109435	0.0108588
-4.06015	0.0126252	0.0125791
-3.9599	0.0145203	0.0145197
-3.85965	0.016648	0.0166997
-3.7594	0.0190274	0.0191383
-3.65915	0.021678	0.0218544
-3.5589	0.0246189	0.0248666
-3.45865	0.0278686	0.0281927
-3.3584	0.0314447	0.0318493
-3.25815	0.0353634	0.0358513
-3.15789	0.0396393	0.0402116
-3.05764	0.0442844	0.0449408
-2.95739	0.0493082	0.0500463
-2.85714	0.054717	0.0555324
-2.75689	0.0605132	0.0613992
-2.65664	0.0666952	0.0676427
-2.55639	0.0732564	0.0742543
-2.45614	0.0801855	0.0812203
-2.35589	0.0874655	0.0885217
-2.25564	0.095074	0.0961341
-2.15539	0.102982	0.104027
-2.05514	0.111156	0.112166
-1.95489	0.119555	0.120507
-1.85464	0.128131	0.129006
-1.75439	0.136835	0.13761
-1.65414	0.145607	0.146262
-1.55388	0.154385	0.154901
-1.45363	0.163104	0.163463
-1.35338	0.171694	0.171881
-1.25313	0.180082	0.180085
-1.15288	0.188195	0.188006
-1.05263	0.195958	0.195572
-0.952381	0.203298	0.202714
-0.85213	0.210143	0.209364
-0.75188	0.216424	0.215459
-0.651629	0.222076	0.220937
-0.551378	0.227041	0.225743
-0.451128	0.231264	0.229828
-0.350877	0.2347	0.23315
-0.250627	0.237311	0.235672
-0.150376	0.239068	0.237369
-0.0501253	0.239952	0.238221
0.0501253	0.239952	0.238221
0.150376	0.239068	0.237369
0.250627	0.237311	0.235672
0.350877	0.2347	0.23315
0.451128	0.231264	0.229828
0.551378	0.227041	0.225743
0.651629	0.222076	0.220937
0.75188	0.216424	0.215459
0.85213	0.210143	0.209364
0.952381	0.203298	0.202714
1.05263	0.195958	0.195572
1.15288	0.188195	0.188006
1.25313	0.180082	0.180085
1.35338	0.171694	0.171881
1.45363	0.163104	0.163463
1.55388	0.154385	0.154901
1.65414	0.145607	0.146262
1.75439	0.136835	0.13761
1.85464	0.128131	0.129006
1.95489	0.119555	0.120507
2.05514	0.111156	0.112166
2.15539	0.102982	0.104027
2.25564	0.095074	0.0961341
2.35589	0.0874655	0.0885217
2.45614	0.0801855	0.0812203
2.55639	0.0732564	0.0742543
2.65664	0.0666952	0.0676427
2.75689	0.0605132	0.0613992
2.85714	0.054717	0.0555324
2.95739	0.0493082	0.0500463
3.05764	0.0442844	0.0449408
3.15789	0.0396393	0.0402116
3.25815	0.0353634	0.0358513
3.3584	0.0314447	0.0318493
3.45865	0.0278686	0.0281927
3.5589	0.0246189	0.0248666
3.65915	0.021678	0.0218544
3.7594	0.0190274	0.0191383
3.85965	0.016648	0.0166997
3.9599	0.0145203	0.0145197
4.06015	0.0126252	0.0125791
4.1604	0.0109435	0.0108588
4.26065	0.00945693	0.00934026
4.3609	0.0081476	0.00800529
4.46115	0.00699858	0.00683656
4.5614	0.00599385	0.00581755
4.66165	0.00511836	0.0049327
4.7619	0.00435813	0.00416746
4.86216	0.00370024	0.00350834
4.96241	0.00313282	0.00294288
5.06266	0.00264505	0.00245973
5.16291	0.00222709	0.00204853
5.26316	0.00187011	0.00169997
5.36341	0.00156616	0.00140567
5.46366	0.00130817	0.00115815
5.56391	0.00108985	0.000950804
5.66416	0.000905648	0.000777783
5.76441	0.000750694	0.00063397
5.86466	0.000620717	0.000514897
5.96491	0.000511999	0.000416692
6.06516	0.000421315	0.00033601
6.16541	0.000345881	0.00026998
6.26566	0.000283299	0.000216149
6.36591	0.000231516	0.000172431
6.46617	0.000188779	0.000137063
6.56642	0.000153595	0.00010856
6.66667	0.000124703	8.56762e-05
6.76692	0.000101034	6.73741e-05
6.86717	8.16891e-05	5.2792e-05
6.96742	6.59159e-05	4.12179e-05
7.06767	5.30838e-05	3.2066e-05
7.16792	4.26676e-05	2.48569e-05
7.26817	3.42307e-05	1.91995e-05
7.36842	2.74116e-05	1.47767e-05
7.46867	2.19115e-05	1.1332e-05
7.56892	1.74841e-05	8.65918e-06
7.66917	1.39274e-05	6.59311e-06
7.76942	1.10756e-05	5.00202e-06
7.86967	8.79328e-06	3.78132e-06
7.96992	6.97013e-06	2.84829e-06
8.07018	5.51635e-06	2.13779e-06
8.17043	4.35914e-06	1.59879e-06
8.27068	3.43958e-06	1.1914e-06
8.37093	2.71006e-06	8.8464e-07
8.47118	2.13226e-06	6.54513e-07
8.57143	1.67533e-06	4.82516e-07
8.67168	1.31456e-06	3.54444e-07
8.77193	1.03012e-06	2.59433e-07
8.87218	8.06202e-07	1.89211e-07
8.97243	6.30173e-07	1.37502e-07
9.07268	4.91982e-07	9.95668e-08
9.17293	3.83642e-07	7.18393e-08
9.27318	2.98816e-07	5.16478e-08
9.37343	2.32486e-07	3.69985e-08
9.47368	1.80682e-07	2.64094e-08
9.57393	1.40272e-07	1.87834e-08
9.67419	1.08787e-07	1.33117e-08
9.77444	8.42845e-08	9.40014e-09
9.87469	6.52366e-08	6.61421e-09
9.97494	5.04451e-08	4.63728e-09
10.0752	3.89711e-08	3.2396e-09
10.1754	3.00796e-08	2.25508e-09
10.2757	2.31962e-08	1.56413e-09
10.3759	1.78726e-08	1.08101e-09
10.4762	1.37593e-08	7.44433e-10
10.5764	1.05839e-08	5.10817e-10
10.6767	8.1349e-09	3.49258e-10
10.7769	6.2477e-09	2.37942e-10
10.8772	4.79467e-09	1.61524e-10
10.9774	3.67685e-09	1.09256e-10
11.0777	2.81761e-09	7.3637e-11
11.1779	2.15765e-09	4.94526e-11
11.2782	1.65114e-09	3.30921e-11
11.3784	1.26269e-09	2.20649e-11
11.4787	9.64995e-10	1.46596e-11
11.5789	7.37017e-10	9.70474e-12
11.6792	5.62549e-10	6.40159e-12
11.7794	4.29121e-10	4.2076e-12
11.8797	3.27146e-10	2.75565e-12
11.9799	2.4926e-10	1.79827e-12
12.0802	1.8981e-10	1.16931e-12
12.1805	1.4446e-10	7.57608e-13
12.2807	1.09885e-10	4.89105e-13
12.381	8.35417e-11	3.14632e-13
12.4812	6.3481e-11	2.01672e-13
12.5815	4.82132e-11	1.28804e-13
12.6817	3.65995e-11	8.19705e-14
12.782	2.77699e-11	5.19789e-14
12.8822	2.10606e-11	3.28427e-14
12.9825	1.59649e-11	2.06772e-14
13.0827	1.20967e-11	1.29715e-14
13.183	9.16172e-12	8.10826e-15
13.2832	6.93585e-12	5.0502e-15
13.3835	5.24854e-12	3.13424e-15
13.4837	3.97008e-12	1.93819e-15
13.584	3.00181e-12	1.19428e-15
13.6842	2.2688e-12	7.33254e-16
13.7845	1.71411e-12	4.48587e-16
13.8847	1.29455e-12	2.73452e-16
13.985	9.77319e-13	1.66096e-16
14.0852	7.37557e-13	1.00526e-16
14.1855	5.56416e-13	6.06232e-17
14.2857	4.19615e-13	3.64286e-17
14.386	3.1634e-13	2.18116e-17
14.4862	2.38402e-13	1.3013e-17
14.5865	1.79607e-13	7.73583e-18
14.6867	1.35268e-13	4.58226e-18
14.787	1.01842e-13	2.70455e-18
14.8872	7.66525e-14	1.59057e-18
14.9875	5.76755e-14	9.32077e-19
15.0877	4.33837e-14	5.44244e-19
15.188	3.26237e-14	3.16649e-19
15.2882	2.45253e-14	1.83571e-19
15.3885	1.8432e-14	1.06041e-19
15.4887	1.38487e-14	6.10357e-20
15.589	1.04022e-14	3.50056e-20
15.6892	7.81134e-15	2.00047e-20
15.7895	5.86423e-15	1.13912e-20
15.8897	4.40133e-15	6.46325e-21
15.99	3.30252e-15	3.65404e-21
16.0902	2.47741e-15	2.05844e-21
16.1905	1.85799e-15	1.15543e-21
16.2907	1.3931e-15	6.46241e-22
16.391	1.04428e-15	3.60152e-22
16.4912	7.82623e-16	1.99995e-22
16.5915	5.8639e-16	1.10661e-22
16.6917	4.3926e-16	6.10118e-23
16.792	3.28973e-16	3.35177e-23
16.8922	2.46322e-16	1.83475e-23
16.9925	1.84397e-16	1.00074e-23
17.0927	1.3801e-16	5.43889e-24
17.193	1.0327e-16	2.94537e-24
17.2932	7.72596e-17	1.58932e-24
17.3935	5.77885e-17	8.54528e-25
17.4937	4.32158e-17	4.57808e-25
17.594	3.23117e-17	2.44389e-25
17.6942	2.41541e-17	1.29994e-25
17.7945	1.80527e-17	6.8898e-26
17.8947	1.34899e-17	3.63858e-26
17.995	1.00785e-17	1.9147e-26
18.0952	7.52841e-18	1.00395e-26
18.1955	5.62252e-18	5.24521e-27
18.2957	4.19837e-18	2.7306e-27
18.396	3.13437e-18	1.41643e-27
18.4962	2.33959e-18	7.32107e-28
18.5965	1.74599e-18	3.77047e-28
18.6967	1.30271e-18	1.93491e-28
18.797	9.71728e-19	9.89387e-29
18.8972	7.24599e-19	5.04098e-29
18.9975	5.40069e-19	2.55921e-29
19.0977	4.02249e-19	1.29461e-29
19.198	2.99257e-19	6.5255e-30
19.2982	2.22203e-19	3.27742e-30
19.3985	1.64427e-19	1.64018e-30
19.4987	1.20931e-19	8.17888e-31
19.599	8.79468e-20	4.06385e-31
19.6992	6.26142e-20	2.01199e-31
19.7995	4.27329e-20	9.92553e-32
19.8997	2.65745e-20	4.87894e-32
20	1.27322e-20	2.38967e-32
