-20	5.85552e-10	2.70375e-10
-19.8997	1.18536e-09	3.30104e-10
-19.7995	1.81398e-09	4.02624e-10
-19.6992	2.48662e-09	4.90583e-10
-19.599	3.21945e-09	5.9716e-10
-19.4987	4.02998e-09	7.26161e-10
-19.3985	4.93739e-09	8.82143e-10
-19.2982	5.963e-09	1.07056e-09
-19.198	7.13069e-09	1.29791e-09
-19.0977	8.46739e-09	1.57197e-09
-18.9975	1.00037e-08	1.902e-09
-18.8972	1.17744e-08	2.29899e-09
-18.797	1.38192e-08	2.77607e-09
-18.6967	1.61838e-08	3.34879e-09
-18.5965	1.89204e-08	4.03562e-09
-18.4962	2.20888e-08	4.85843e-09
-18.396	2.57579e-08	5.84314e-09
-18.2957	3.00066e-08	7.0204e-09
-18.1955	3.49256e-08	8.42638e-09
-18.0952	4.0619e-08	1.01038e-08
-17.995	4.72062e-08	1.2103e-08
-17.8947	5.48242e-08	1.44832e-08
-17.7945	6.36302e-08	1.73142e-08
-17.6942	7.3804e-08	2.06778e-08
-17.594	8.5552e-08	2.467e-08
-17.4937	9.911e-08	2.94035e-08
-17.3935	1.14748e-07	3.50101e-08
-17.2932	1.32774e-07	4.1644e-08
-17.193	1.53541e-07	4.94853e-08
-17.0927	1.77452e-07	5.87441e-08
-16.9925	2.04964e-07	6.96652e-08
-16.8922	2.36601e-07	8.25339e-08
-16.792	2.72958e-07	9.76818e-08
-16.6917	3.14715e-07	1.15494e-07
-16.5915	3.62642e-07	1.36417e-07
-16.4912	4.17615e-07	1.60969e-07
-16.391	4.80632e-07	1.8975e-07
-16.2907	5.52821e-07	2.23452e-07
-16.1905	6.35465e-07	2.62876e-07
-16.0902	7.30016e-07	3.08946e-07
-15.99	8.38118e-07	3.62726e-07
-15.8897	9.61633e-07	4.25441e-07
-15.7895	1.10266e-06	4.98499e-07
-15.6892	1.26358e-06	5.83518e-07
-15.589	1.44708e-06	6.82351e-07
-15.4887	1.65618e-06	7.97124e-07
-15.3885	1.89428e-06	9.30269e-07
-15.2882	2.16524e-06	1.08456e-06
-15.188	2.47337e-06	1.26318e-06
-15.0877	2.82352e-06	1.46975e-06
-14.9875	3.22116e-06	1.70837e-06
-14.8872	3.67241e-06	1.98375e-06
-14.787	4.18414e-06	2.30121e-06
-14.6867	4.76403e-06	2.66679e-06
-14.5865	5.42072e-06	3.08736e-06
-14.4862	6.16383e-06	3.57066e-06
-14.386	7.00413e-06	4.12549e-06
-14.2857	7.95366e-06	4.76175e-06
-14.1855	9.02583e-06	5.49062e-06
-14.0852	1.02356e-05	6.32472e-06
-13.985	1.15996e-05	7.27822e-06
-13.8847	1.31364e-05	8.36708e-06
-13.7845	1.48666e-05	9.60919e-06
-13.6842	1.68131e-05	1.10246e-05
-13.584	1.90013e-05	1.26359e-05
-13.4837	2.14593e-05	1.44681e-05
-13.3835	2.42182e-05	1.65494e-05
-13.2832	2.73127e-05	1.89111e-05
-13.183	3.07808e-05	2.15882e-05
-13.0827	3.46646e-05	2.46196e-05
-12.9825	3.90106e-05	2.80484e-05
-12.8822	4.38701e-05	3.19228e-05
-12.782	4.92993e-05	3.62959e-05
-12.6817	5.53603e-05	4.12268e-05
-12.5815	6.21214e-05	4.67805e-05
-12.4812	6.96572e-05	5.30292e-05
-12.381	7.80499e-05	6.00523e-05
-12.2807	8.73893e-05	6.79373e-05
-12.1805	9.77739e-05	7.67806e-05
-12.0802	0.000109311	8.66881e-05
-11.9799	0.000122118	9.77758e-05
-11.8797	0.000136324	0.000110171
-11.7794	0.000152067	0.000124013
-11.6792	0.000169499	0.000139455
-11.5789	0.000188786	0.000156662
-11.4787	0.000210108	0.000175816
-11.3784	0.000233657	0.000197113
-11.2782	0.000259646	0.00022077
-11.1779	0.000288303	0.000247017
-11.0777	0.000319872	0.000276107
-10.9774	0.000354622	0.000308315
-10.8772	0.000392838	0.000343934
-10.7769	0.000434829	0.000383283
-10.6767	0.000480928	0.000426706
-10.5764	0.000531491	0.000474572
-10.4762	0.000586902	0.000527279
-10.3759	0.00064757	0.000585252
-10.2757	0.000713933	0.000648948
-10.1754	0.000786462	0.000718855
-10.0752	0.000865655	0.000795494
-9.97494	0.000952046	0.000879421
-9.87469	0.0010462	0.000971229
-9.77444	0.00114872	0.00107154
-9.67419	0.00126025	0.00118104
-9.57393	0.00138146	0.00130041
-9.47368	0.00151307	0.00143042
-9.37343	0.00165583	0.00157185
-9.27318	0.00181055	0.00172552
-9.17293	0.00197805	0.00189233
-9.07268	0.00215922	0.00207317
-8.97243	0.00235499	0.00226903
-8.87218	0.00256631	0.00248089
-8.77193	0.00279421	0.00270982
-8.67168	0.00303974	0.00295691
-8.57143	0.00330399	0.00322329
-8.47118	0.00358811	0.00351015
-8.37093	0.00389328	0.00381871
-8.27068	0.00422072	0.00415022
-8.17043	0.00457171	0.00450599
-8.07018	0.00494753	0.00488736
-7.96992	0.00534954	0.00529569
-7.86967	0.0057791	0.00573238
-7.76942	0.00623761	0.00619886
-7.66917	0.00672651	0.00669658
-7.56892	0.00724726	0.00722701
-7.46867	0.00780132	0.00779164
-7.36842	0.00839019	0.00839195
-7.26817	0.00901537	0.00902946
-7.16792	0.00967837	0.00970566
-7.06767	0.0103807	0.010422
-6.96742	0.0111238	0.0111801
-6.86717	0.0119093	0.0119812
-6.76692	0.0127385	0.0128269
-6.66667	0.0136129	0.0137185
-6.56642	0.014534	0.0146574
-6.46617	0.0155029	0.0156448
-6.36591	0.0165212	0.0166821
-6.26566	0.0175899	0.0177702
-6.16541	0.0187103	0.0189104
-6.06516	0.0198834	0.0201035
-5.96491	0.0211102	0.0213505
-5.86466	0.0223916	0.0226521
-5.76441	0.0237283	0.0240089
-5.66416	0.025121	0.0254215
-5.56391	0.0265703	0.0268903
-5.46366	0.0280763	0.0284154
-5.36341	0.0296395	0.0299969
-5.26316	0.0312597	0.0316346
-5.16291	0.0329368	0.0333284
-5.06266	0.0346706	0.0350776
-4.96241	0.0364604	0.0368816
-4.86216	0.0383055	0.0387395
-4.7619	0.040205	0.0406502
-4.66165	0.0421578	0.0426124
-4.5614	0.0441623	0.0446246
-4.46115	0.0462171	0.0466848
-4.3609	0.0483201	0.0487913
-4.26065	0.0504694	0.0509417
-4.1604	0.0526625	0.0531335
-4.06015	0.0548968	0.0553641
-3.9599	0.0571696	0.0576305
-3.85965	0.0594775	0.0599295
-3.7594	0.0618175	0.0622577
-3.65915	0.0641857	0.0646116
-3.5589	0.0665785	0.0669873
-3.45865	0.0689918	0.0693806
-3.3584	0.0714213	0.0717875
-3.25815	0.0738625	0.0742033
-3.15789	0.0763107	0.0766236
-3.05764	0.0787611	0.0790435
-2.95739	0.0812086	0.0814581
-2.85714	0.083648	0.0838623
-2.75689	0.086074	0.0862509
-2.65664	0.088481	0.0886186
-2.55639	0.0908636	0.09096
-2.45614	0.0932161	0.0932697
-2.35589	0.0955327	0.0955421
-2.25564	0.0978077	0.0977718
-2.15539	0.100035	0.0999532
-2.05514	0.10221	0.102081
-1.95489	0.104325	0.104149
-1.85464	0.106377	0.106153
-1.75439	0.108357	0.108087
-1.65414	0.110263	0.109946
-1.55388	0.112087	0.111725
-1.45363	0.113825	0.113418
-1.35338	0.115472	0.115022
-1.25313	0.117023	0.116532
-1.15288	0.118474	0.117943
-1.05263	0.11982	0.119251
-0.952381	0.121056	0.120453
-0.85213	0.122181	0.121546
-0.75188	0.123189	0.122525
-0.651629	0.124078	0.123388
-0.551378	0.124846	0.124133
-0.451128	0.125489	0.124757
-0.350877	0.126006	0.125258
-0.250627	0.126395	0.125636
-0.150376	0.126655	0.125888
-0.0501253	0.126785	0.126015
0.0501253	0.126785	0.126015
0.150376	0.126655	0.125888
0.250627	0.126395	0.125636
0.350877	0.126006	0.125258
0.451128	0.125489	0.124757
0.551378	0.124846	0.124133
0.651629	0.124078	0.123388
0.75188	0.123189	0.122525
0.85213	0.122181	0.121546
0.952381	0.121056	0.120453
1.05263	0.11982	0.119251
1.15288	0.118474	0.117943
1.25313	0.117023	0.116532
1.35338	0.115472	0.115022
1.45363	0.113825	0.113418
1.55388	0.112087	0.111725
1.65414	0.110263	0.109946
1.75439	0.108357	0.108087
1.85464	0.106377	0.106153
1.95489	0.104325	0.104149
2.05514	0.10221	0.102081
2.15539	0.100035	0.0999532
2.25564	0.0978077	0.0977718
2.35589	0.0955327	0.0955421
2.45614	0.0932161	0.0932697
2.55639	0.0908636	0.09096
2.65664	0.088481	0.0886186
2.75689	0.086074	0.0862509
2.85714	0.083648	0.0838623
2.95739	0.0812086	0.0814581
3.05764	0.0787611	0.0790435
3.15789	0.0763107	0.0766236
3.25815	0.0738625	0.0742033
3.3584	0.0714213	0.0717875
3.45865	0.0689918	0.0693806
3.5589	0.0665785	0.0669873
3.65915	0.0641857	0.0646116
3.7594	0.0618175	0.0622577
3.85965	0.0594775	0.0599295
3.9599	0.0571696	0.0576305
4.06015	0.0548968	0.0553641
4.1604	0.0526625	0.0531335
4.26065	0.0504694	0.0509417
4.3609	0.0483201	0.0487913
4.46115	0.0462171	0.0466848
4.5614	0.0441623	0.0446246
4.66165	0.0421578	0.0426124
4.7619	0.040205	0.0406502
4.86216	0.0383055	0.0387395
4.96241	0.0364604	0.0368816
5.06266	0.0346706	0.0350776
5.16291	0.0329368	0.0333284
5.26316	0.0312597	0.0316346
5.36341	0.0296395	0.0299969
5.46366	0.0280763	0.0284154
5.56391	0.0265703	0.0268903
5.66416	0.025121	0.0254215
5.76441	0.0237283	0.0240089
5.86466	0.0223916	0.0226521
5.96491	0.0211102	0.0213505
6.06516	0.0198834	0.0201035
6.16541	0.0187103	0.0189104
6.26566	0.0175899	0.0177702
6.36591	0.0165212	0.0166821
6.46617	0.0155029	0.0156448
6.56642	0.014534	0.0146574
6.66667	0.0136129	0.0137185
6.76692	0.0127385	0.0128269
6.86717	0.0119093	0.0119812
6.96742	0.0111238	0.0111801
7.06767	0.0103807	0.010422
7.16792	0.00967837	0.00970566
7.26817	0.00901537	0.00902946
7.36842	0.00839019	0.00839195
7.46867	0.00780132	0.00779164
7.56892	0.00724726	0.00722701
7.66917	0.00672651	0.00669658
7.76942	0.00623761	0.00619886
7.86967	0.0057791	0.00573238
7.96992	0.00534954	0.00529569
8.07018	0.00494753	0.00488736
8.17043	0.00457171	0.00450599
8.27068	0.00422072	0.00415022
8.37093	0.00389328	0.00381871
8.47118	0.00358811	0.00351015
8.57143	0.00330399	0.00322329
8.67168	0.00303974	0.00295691
8.77193	0.00279421	0.00270982
8.87218	0.00256631	0.00248089
8.97243	0.00235499	0.00226903
9.07268	0.00215922	0.00207317
9.17293	0.00197805	0.00189233
9.27318	0.00181055	0.00172552
9.37343	0.00165583	0.00157185
9.47368	0.00151307	0.00143042
9.57393	0.00138146	0.00130041
9.67419	0.00126025	0.00118104
9.77444	0.00114872	0.00107154
9.87469	0.0010462	0.000971229
9.97494	0.000952046	0.000879421
10.0752	0.000865655	0.000795494
10.1754	0.000786462	0.000718855
10.2757	0.000713933	0.000648948
10.3759	0.00064757	0.000585252
10.4762	0.000586902	0.000527279
10.5764	0.000531491	0.000474572
10.6767	0.000480928	0.000426706
10.7769	0.000434829	0.000383283
10.8772	0.000392838	0.000343934
10.9774	0.000354622	0.000308315
11.0777	0.000319872	0.000276107
11.1779	0.000288303	0.000247017
11.2782	0.000259646	0.00022077
11.3784	0.000233657	0.000197113
11.4787	0.000210108	0.000175816
11.5789	0.000188786	0.000156662
11.6792	0.000169499	0.000139455
11.7794	0.000152067	0.000124013
11.8797	0.000136324	0.000110171
11.9799	0.000122118	9.77758e-05
12.0802	0.000109311	8.66881e-05
12.1805	9.77739e-05	7.67806e-05
12.2807	8.73893e-05	6.79373e-05
12.381	7.80499e-05	6.00523e-05
12.4812	6.96572e-05	5.30292e-05
12.5815	6.21214e-05	4.67805e-05
12.6817	5.53603e-05	4.12268e-05
12.782	4.92993e-05	3.62959e-05
12.8822	4.38701e-05	3.19228e-05
12.9825	3.90106e-05	2.80484e-05
13.0827	3.46646e-05	2.46196e-05
13.183	3.07808e-05	2.15882e-05
13.2832	2.73127e-05	1.89111e-05
13.3835	2.42182e-05	1.65494e-05
13.4837	2.14593e-05	1.44681e-05
13.584	1.90013e-05	1.26359e-05
13.6842	1.68131e-05	1.10246e-05
13.7845	1.48666e-05	9.60919e-06
13.8847	1.31364e-05	8.36708e-06
13.985	1.15996e-05	7.27822e-06
14.0852	1.02356e-05	6.32472e-06
14.1855	9.02583e-06	5.49062e-06
14.2857	7.95366e-06	4.76175e-06
14.386	7.00413e-06	4.12549e-06
14.4862	6.16383e-06	3.57066e-06
14.5865	5.42072e-06	3.08736e-06
14.6867	4.76403e-06	2.66679e-06
14.787	4.18414e-06	2.30121e-06
14.8872	3.67241e-06	1.98375e-06
14.9875	3.22116e-06	1.70837e-06
15.0877	2.82352e-06	1.46975e-06
15.188	2.47337e-06	1.26318e-06
15.2882	2.16524e-06	1.08456e-06
15.3885	1.89428e-06	9.30269e-07
15.4887	1.65618e-06	7.97124e-07
15.589	1.44708e-06	6.82351e-07
15.6892	1.26358e-06	5.83518e-07
15.7895	1.10266e-06	4.98499e-07
15.8897	9.61633e-07	4.25441e-07
15.99	8.38118e-07	3.62726e-07
16.0902	7.30016e-07	3.08946e-07
16.1905	6.35465e-07	2.62876e-07
16.2907	5.52821e-07	2.23452e-07
16.391	4.80632e-07	1.8975e-07
16.4912	4.17615e-07	1.60969e-07
16.5915	3.62642e-07	1.36417e-07
16.6917	3.14715e-07	1.15494e-07
16.792	2.72958e-07	9.76818e-08
16.8922	2.36601e-07	8.25339e-08
16.9925	2.04964e-07	6.96652e-08
17.0927	1.77452e-07	5.87441e-08
17.193	1.53541e-07	4.94853e-08
17.2932	1.32774e-07	4.1644e-08
17.3935	1.14748e-07	3.50101e-08
17.4937	9.911e-08	2.94035e-08
17.594	8.5552e-08	2.467e-08
17.6942	7.3804e-08	2.06778e-08
17.7945	6.36302e-08	1.73142e-08
17.8947	5.48242e-08	1.44832e-08
17.995	4.72062e-08	1.2103e-08
18.0952	4.0619e-08	1.01038e-08
18.1955	3.49256e-08	8.42638e-09
18.2957	3.00066e-08	7.0204e-09
18.396	2.57579e-08	5.84314e-09
18.4962	2.20888e-08	4.85843e-09
18.5965	1.89204e-08	4.03562e-09
18.6967	1.61838e-08	3.34879e-09
18.797	1.38192e-08	2.77607e-09
18.8972	1.17744e-08	2.29899e-09
18.9975	1.00037e-08	1.902e-09
19.0977	8.46739e-09	1.57197e-09
19.198	7.13069e-09	1.29791e-09
19.2982	5.963e-09	1.07056e-09
19.3985	4.93739e-09	8.82143e-10
19.4987	4.02998e-09	7.26161e-10
19.599	3.21945e-09	5.9716e-10
19.6992	2.48662e-09	4.90583e-10
19.7995	1.81398e-09	4.02624e-10
19.8997	1.18536e-09	3.30104e-10
20	5.85552e-10	2.70375e-10
