-20	5.7877e-18	1.66683e-25
-19.8997	1.19993e-17	2.90333e-25
-19.7995	1.90894e-17	5.04301e-25
-19.6992	2.75757e-17	8.73519e-25
-19.599	3.80765e-17	1.50884e-24
-19.4987	5.13548e-17	2.59899e-24
-19.3985	6.8373e-17	4.4643e-24
-19.2982	9.03611e-17	7.64702e-24
-19.198	1.18905e-16	1.30623e-23
-19.0977	1.56056e-16	2.22503e-23
-18.9975	2.04481e-16	3.77955e-23
-18.8972	2.67646e-16	6.40227e-23
-18.797	3.50058e-16	1.08148e-22
-18.6967	4.57588e-16	1.82175e-22
-18.5965	5.97873e-16	3.0602e-22
-18.4962	7.80853e-16	5.12624e-22
-18.396	1.01946e-15	8.56323e-22
-18.2957	1.33051e-15	1.42648e-21
-18.1955	1.73587e-15	2.36964e-21
-18.0952	2.26397e-15	3.92543e-21
-17.995	2.95173e-15	6.48457e-21
-17.8947	3.84711e-15	1.06823e-20
-17.7945	5.01238e-15	1.75484e-20
-17.6942	6.52834e-15	2.87473e-20
-17.594	8.49982e-15	4.69621e-20
-17.4937	1.10627e-14	7.65044e-20
-17.3935	1.43933e-14	1.24284e-19
-17.2932	1.87197e-14	2.0134e-19
-17.193	2.43376e-14	3.25264e-19
-17.0927	3.16297e-14	5.23999e-19
-16.9925	4.10912e-14	8.4181e-19
-16.8922	5.33625e-14	1.34861e-18
-16.792	6.92716e-14	2.15451e-18
-16.6917	8.98883e-14	3.4324e-18
-16.5915	1.16595e-13	5.45302e-18
-16.4912	1.51175e-13	8.63904e-18
-16.391	1.9593e-13	1.36484e-17
-16.2907	2.5383e-13	2.15025e-17
-16.1905	3.28703e-13	3.37818e-17
-16.0902	4.2548e-13	5.29257e-17
-15.99	5.50512e-13	8.26874e-17
-15.8897	7.11974e-13	1.28825e-16
-15.7895	9.20384e-13	2.00148e-16
-15.6892	1.18927e-12	3.10092e-16
-15.589	1.536e-12	4.79092e-16
-15.4887	1.9829e-12	7.38136e-16
-15.3885	2.55863e-12	1.13408e-15
-15.2882	3.29995e-12	1.73755e-15
-15.188	4.254e-12	2.65474e-15
-15.0877	5.4812e-12	4.04478e-15
-14.9875	7.05892e-12	6.14549e-15
-14.8872	9.08618e-12	9.31124e-15
-14.787	1.16897e-11	1.40685e-14
-14.6867	1.50314e-11	2.11971e-14
-14.5865	1.93182e-11	3.18488e-14
-14.4862	2.48143e-11	4.77199e-14
-14.386	3.18568e-11	7.13009e-14
-14.2857	4.08756e-11	1.06238e-13
-14.1855	5.24184e-11	1.57853e-13
-14.0852	6.71826e-11	2.33892e-13
-13.985	8.60558e-11	3.45594e-13
-13.8847	1.10167e-10	5.09221e-13
-13.7845	1.40949e-10	7.4823e-13
-13.6842	1.80224e-10	1.09636e-12
-13.584	2.30303e-10	1.60199e-12
-13.4837	2.94114e-10	2.33429e-12
-13.3835	3.7537e-10	3.39187e-12
-13.2832	4.78768e-10	4.91488e-12
-13.183	6.1025e-10	7.10192e-12
-13.0827	7.77329e-10	1.02336e-11
-12.9825	9.89488e-10	1.47051e-11
-12.8822	1.2587e-09	2.10716e-11
-12.782	1.60004e-09	3.01103e-11
-12.6817	2.03253e-09	4.29064e-11
-12.5815	2.58007e-09	6.09702e-11
-12.4812	3.27274e-09	8.63978e-11
-12.381	4.14832e-09	1.22089e-10
-12.2807	5.25422e-09	1.72044e-10
-12.1805	6.64989e-09	2.41764e-10
-12.0802	8.40978e-09	3.38791e-10
-11.9799	1.06271e-08	4.73436e-10
-11.8797	1.34183e-08	6.5975e-10
-11.7794	1.69289e-08	9.16825e-10
-11.6792	2.13403e-08	1.27052e-09
-11.5789	2.68789e-08	1.75577e-09
-11.4787	3.3826e-08	2.41959e-09
-11.3784	4.2532e-08	3.3251e-09
-11.2782	5.34316e-08	4.55677e-09
-11.1779	6.70645e-08	6.22727e-09
-11.0777	8.40994e-08	8.48648e-09
-10.9774	1.05364e-07	1.15331e-08
-10.8772	1.31881e-07	1.56298e-08
-10.7769	1.64915e-07	2.11228e-08
-10.6767	2.06024e-07	2.84666e-08
-10.5764	2.57125e-07	3.8257e-08
-10.4762	3.20581e-07	5.12712e-08
-10.3759	3.99289e-07	6.85214e-08
-10.2757	4.96807e-07	9.13203e-08
-10.1754	6.1749e-07	1.21366e-07
-10.0752	7.66669e-07	1.60848e-07
-9.97494	9.50853e-07	2.12581e-07
-9.87469	1.17798e-06	2.8017e-07
-9.77444	1.45772e-06	3.68219e-07
-9.67419	1.80184e-06	4.82593e-07
-9.57393	2.22459e-06	6.30732e-07
-9.47368	2.7433e-06	8.22049e-07
-9.37343	3.37889e-06	1.06841e-06
-9.27318	4.15667e-06	1.38474e-06
-9.17293	5.10715e-06	1.78973e-06
-9.07268	6.26706e-06	2.30673e-06
-8.97243	7.68056e-06	2.96479e-06
-8.87218	9.40063e-06	3.79997e-06
-8.77193	1.14907e-05	4.85685e-06
-8.67168	1.40266e-05	6.1904e-06
-8.57143	1.70988e-05	7.86813e-06
-8.47118	2.0815e-05	9.97271e-06
-8.37093	2.53031e-05	1.2605e-05
-8.27068	3.0715e-05	1.58878e-05
-8.17043	3.72302e-05	1.99697e-05
-8.07018	4.50609e-05	2.50305e-05
-7.96992	5.44569e-05	3.12864e-05
-7.86967	6.57119e-05	3.8997e-05
-7.76942	7.91707e-05	4.84725e-05
-7.66917	9.52364e-05	6.00825e-05
-7.56892	0.00011438	7.4266e-05
-7.46867	0.00013715	9.15422e-05
-7.36842	0.000164182	0.000112523
-7.26817	0.000196217	0.000137927
-7.16792	0.000234105	0.000168596
-7.06767	0.000278832	0.000205511
-6.96742	0.000331527	0.00024981
-6.86717	0.000393487	0.000302813
-6.76692	0.000466193	0.000366039
-6.66667	0.000551333	0.000441235
-6.56642	0.000650826	0.000530397
-6.46617	0.000766845	0.000635801
-6.36591	0.000901843	0.000760029
-6.26566	0.00105858	0.000906
-6.16541	0.00124016	0.001077
-6.06516	0.00145004	0.00127671
-5.96491	0.00169207	0.00150923
-5.86466	0.00197054	0.00177914
-5.76441	0.00229018	0.00209147
-5.66416	0.00265619	0.00245179
-5.56391	0.00307428	0.00286618
-5.46366	0.00355069	0.00334128
-5.36341	0.00409219	0.00388429
-5.26316	0.00470613	0.00450297
-5.16291	0.00540039	0.00520565
-5.06266	0.00618343	0.00600122
-4.96241	0.00706426	0.00689912
-4.86216	0.00805243	0.00790927
-4.7619	0.009158	0.00904208
-4.66165	0.0103915	0.0103084
-4.5614	0.0117638	0.0117192
-4.46115	0.0132862	0.0132861
-4.3609	0.0149702	0.0150205
-4.26065	0.0168276	0.0169341
-4.1604	0.0188699	0.0190382
-4.06015	0.0211088	0.0213442
-3.9599	0.0235557	0.0238629
-3.85965	0.0262215	0.0266046
-3.7594	0.0291164	0.0295786
-3.65915	0.0322501	0.0327934
-3.5589	0.0356309	0.0362565
-3.45865	0.039266	0.0399736
-3.3584	0.0431613	0.0439491
-3.25815	0.0473208	0.0481854
-3.15789	0.0517465	0.052683
-3.05764	0.0564384	0.0574399
-2.95739	0.0613938	0.062452
-2.85714	0.0666078	0.0677123
-2.75689	0.0720724	0.0732112
-2.65664	0.0777767	0.0789363
-2.55639	0.0837067	0.0848721
-2.45614	0.0898453	0.0910001
-2.35589	0.096172	0.0972989
-2.25564	0.102663	0.103744
-2.15539	0.109292	0.110308
-2.05514	0.116028	0.11696
-1.95489	0.122838	0.123669
-1.85464	0.129686	0.130398
-1.75439	0.136535	0.13711
-1.65414	0.143343	0.143767
-1.55388	0.150068	0.150327
-1.45363	0.156665	0.156748
-1.35338	0.16309	0.162989
-1.25313	0.169298	0.169006
-1.15288	0.175243	0.174757
-1.05263	0.18088	0.180201
-0.952381	0.186165	0.185296
-0.85213	0.191057	0.190006
-0.75188	0.195516	0.194292
-0.651629	0.199505	0.198122
-0.551378	0.20299	0.201465
-0.451128	0.205941	0.204294
-0.350877	0.208334	0.206585
-0.250627	0.210148	0.208321
-0.150376	0.211365	0.209486
-0.0501253	0.211977	0.210071
0.0501253	0.211977	0.210071
0.150376	0.211365	0.209486
0.250627	0.210148	0.208321
0.350877	0.208334	0.206585
0.451128	0.205941	0.204294
0.551378	0.20299	0.201465
0.651629	0.199505	0.198122
0.75188	0.195516	0.194292
0.85213	0.191057	0.190006
0.952381	0.186165	0.185296
1.05263	0.18088	0.180201
1.15288	0.175243	0.174757
1.25313	0.169298	0.169006
1.35338	0.16309	0.162989
1.45363	0.156665	0.156748
1.55388	0.150068	0.150327
1.65414	0.143343	0.143767
1.75439	0.136535	0.13711
1.85464	0.129686	0.130398
1.95489	0.122838	0.123669
2.05514	0.116028	0.11696
2.15539	0.109292	0.110308
2.25564	0.102663	0.103744
2.35589	0.096172	0.0972989
2.45614	0.0898453	0.0910001
2.55639	0.0837067	0.0848721
2.65664	0.0777767	0.0789363
2.75689	0.0720724	0.0732112
2.85714	0.0666078	0.0677123
2.95739	0.0613938	0.062452
3.05764	0.0564384	0.0574399
3.15789	0.0517465	0.052683
3.25815	0.0473208	0.0481854
3.3584	0.0431613	0.0439491
3.45865	0.039266	0.0399736
3.5589	0.0356309	0.0362565
3.65915	0.0322501	0.0327934
3.7594	0.0291164	0.0295786
3.85965	0.0262215	0.0266046
3.9599	0.0235557	0.0238629
4.06015	0.0211088	0.0213442
4.1604	0.0188699	0.0190382
4.26065	0.0168276	0.0169341
4.3609	0.0149702	0.0150205
4.46115	0.0132862	0.0132861
4.5614	0.0117638	0.0117192
4.66165	0.0103915	0.0103084
4.7619	0.009158	0.00904208
4.86216	0.00805243	0.00790927
4.96241	0.00706426	0.00689912
5.06266	0.00618343	0.00600122
5.16291	0.00540039	0.00520565
5.26316	0.00470613	0.00450297
5.36341	0.00409219	0.00388429
5.46366	0.00355069	0.00334128
5.56391	0.00307428	0.00286618
5.66416	0.00265619	0.00245179
5.76441	0.00229018	0.00209147
5.86466	0.00197054	0.00177914
5.96491	0.00169207	0.00150923
6.06516	0.00145004	0.00127671
6.16541	0.00124016	0.001077
6.26566	0.00105858	0.000906
6.36591	0.000901843	0.000760029
6.46617	0.000766845	0.000635801
6.56642	0.000650826	0.000530397
6.66667	0.000551333	0.000441235
6.76692	0.000466193	0.000366039
6.86717	0.000393487	0.000302813
6.96742	0.000331527	0.00024981
7.06767	0.000278832	0.000205511
7.16792	0.000234105	0.000168596
7.26817	0.000196217	0.000137927
7.36842	0.000164182	0.000112523
7.46867	0.00013715	9.15422e-05
7.56892	0.00011438	7.4266e-05
7.66917	9.52364e-05	6.00825e-05
7.76942	7.91707e-05	4.84725e-05
7.86967	6.57119e-05	3.8997e-05
7.96992	5.44569e-05	3.12864e-05
8.07018	4.50609e-05	2.50305e-05
8.17043	3.72302e-05	1.99697e-05
8.27068	3.0715e-05	1.58878e-05
8.37093	2.53031e-05	1.2605e-05
8.47118	2.0815e-05	9.97271e-06
8.57143	1.70988e-05	7.86813e-06
8.67168	1.40266e-05	6.1904e-06
8.77193	1.14907e-05	4.85685e-06
8.87218	9.40063e-06	3.79997e-06
8.97243	7.68056e-06	2.96479e-06
9.07268	6.26706e-06	2.30673e-06
9.17293	5.10715e-06	1.78973e-06
9.27318	4.15667e-06	1.38474e-06
9.37343	3.37889e-06	1.06841e-06
9.47368	2.7433e-06	8.22049e-07
9.57393	2.22459e-06	6.30732e-07
9.67419	1.80184e-06	4.82593e-07
9.77444	1.45772e-06	3.68219e-07
9.87469	1.17798e-06	2.8017e-07
9.97494	9.50853e-07	2.12581e-07
10.0752	7.66669e-07	1.60848e-07
10.1754	6.1749e-07	1.21366e-07
10.2757	4.96807e-07	9.13203e-08
10.3759	3.99289e-07	6.85214e-08
10.4762	3.20581e-07	5.12712e-08
10.5764	2.57125e-07	3.8257e-08
10.6767	2.06024e-07	2.84666e-08
10.7769	1.64915e-07	2.11228e-08
10.8772	1.31881e-07	1.56298e-08
10.9774	1.05364e-07	1.15331e-08
11.0777	8.40994e-08	8.48648e-09
11.1779	6.70645e-08	6.22727e-09
11.2782	5.34316e-08	4.55677e-09
11.3784	4.2532e-08	3.3251e-09
11.4787	3.3826e-08	2.41959e-09
11.5789	2.68789e-08	1.75577e-09
11.6792	2.13403e-08	1.27052e-09
11.7794	1.69289e-08	9.16825e-10
11.8797	1.34183e-08	6.5975e-10
11.9799	1.06271e-08	4.73436e-10
12.0802	8.40978e-09	3.38791e-10
12.1805	6.64989e-09	2.41764e-10
12.2807	5.25422e-09	1.72044e-10
12.381	4.14832e-09	1.22089e-10
12.4812	3.27274e-09	8.63978e-11
12.5815	2.58007e-09	6.09702e-11
12.6817	2.03253e-09	4.29064e-11
12.782	1.60004e-09	3.01103e-11
12.8822	1.2587e-09	2.10716e-11
12.9825	9.89488e-10	1.47051e-11
13.0827	7.77329e-10	1.02336e-11
13.183	6.1025e-10	7.10192e-12
13.2832	4.78768e-10	4.91488e-12
13.3835	3.7537e-10	3.39187e-12
13.4837	2.94114e-10	2.33429e-12
13.584	2.30303e-10	1.60199e-12
13.6842	1.80224e-10	1.09636e-12
13.7845	1.40949e-10	7.4823e-13
13.8847	1.10167e-10	5.09221e-13
13.985	8.60558e-11	3.45594e-13
14.0852	6.71826e-11	2.33892e-13
14.1855	5.24184e-11	1.57853e-13
14.2857	4.08756e-11	1.06238e-13
14.386	3.18568e-11	7.13009e-14
14.4862	2.48143e-11	4.77199e-14
14.5865	1.93182e-11	3.18488e-14
14.6867	1.50314e-11	2.11971e-14
14.787	1.16897e-11	1.40685e-14
14.8872	9.08618e-12	9.31124e-15
14.9875	7.05892e-12	6.14549e-15
15.0877	5.4812e-12	4.04478e-15
15.188	4.254e-12	2.65474e-15
15.2882	3.29995e-12	1.73755e-15
15.3885	2.55863e-12	1.13408e-15
15.4887	1.9829e-12	7.38136e-16
15.589	1.536e-12	4.79092e-16
15.6892	1.18927e-12	3.10092e-16
15.7895	9.20384e-13	2.00148e-16
15.8897	7.11974e-13	1.28825e-16
15.99	5.50512e-13	8.26874e-17
16.0902	4.2548e-13	5.29257e-17
16.1905	3.28703e-13	3.37818e-17
16.2907	2.5383e-13	2.15025e-17
16.391	1.9593e-13	1.36484e-17
16.4912	1.51175e-13	8.63904e-18
16.5915	1.16595e-13	5.45302e-18
16.6917	8.98883e-14	3.4324e-18
16.792	6.92716e-14	2.15451e-18
16.8922	5.33625e-14	1.34861e-18
16.9925	4.10912e-14	8.4181e-19
17.0927	3.16297e-14	5.23999e-19
17.193	2.43376e-14	3.25264e-19
17.2932	1.87197e-14	2.0134e-19
17.3935	1.43933e-14	1.24284e-19
17.4937	1.10627e-14	7.65044e-20
17.594	8.49982e-15	4.69621e-20
17.6942	6.52834e-15	2.87473e-20
17.7945	5.01238e-15	1.75484e-20
17.8947	3.84711e-15	1.06823e-20
17.995	2.95173e-15	6.48457e-21
18.0952	2.26397e-15	3.92543e-21
18.1955	1.73587e-15	2.36964e-21
18.2957	1.33051e-15	1.42648e-21
18.396	1.01946e-15	8.56323e-22
18.4962	7.80853e-16	5.12624e-22
18.5965	5.97873e-16	3.0602e-22
18.6967	4.57588e-16	1.82175e-22
18.797	3.50058e-16	1.08148e-22
18.8972	2.67646e-16	6.40227e-23
18.9975	2.04481e-16	3.77955e-23
19.0977	1.56056e-16	2.22503e-23
19.198	1.18905e-16	1.30623e-23
19.2982	9.03611e-17	7.64702e-24
19.3985	6.8373e-17	4.4643e-24
19.4987	5.13548e-17	2.59899e-24
19.599	3.80765e-17	1.50884e-24
19.6992	2.75757e-17	8.73519e-25
19.7995	1.90894e-17	5.04301e-25
19.8997	1.19993e-17	2.90333e-25
20	5.7877e-18	1.66683e-25
