-20	4.39976e-16	3.67433e-21
-19.8997	9.0733e-16	5.78515e-21
-19.7995	1.4311e-15	9.08782e-21
-19.6992	2.04375e-15	1.42434e-20
-19.599	2.78312e-15	2.2273e-20
-19.4987	3.69471e-15	3.47497e-20
-19.3985	4.8344e-15	5.40921e-20
-19.2982	6.2718e-15	8.40091e-20
-19.198	8.09439e-15	1.30175e-19
-19.0977	1.04127e-14	2.01251e-19
-18.9975	1.33666e-14	3.10426e-19
-18.8972	1.71342e-14	4.77736e-19
-18.797	2.19413e-14	7.33545e-19
-18.6967	2.80753e-14	1.12376e-18
-18.5965	3.59014e-14	1.71764e-18
-18.4962	4.58841e-14	2.61939e-18
-18.396	5.86137e-14	3.98544e-18
-18.2957	7.48399e-14	6.05009e-18
-18.1955	9.55152e-14	9.16341e-18
-18.0952	1.21848e-13	1.38472e-17
-17.995	1.55373e-13	2.08773e-17
-17.8947	1.98035e-13	3.1405e-17
-17.7945	2.52299e-13	4.71336e-17
-17.6942	3.21289e-13	7.05786e-17
-17.594	4.08961e-13	1.05445e-16
-17.4937	5.20321e-13	1.57176e-16
-17.3935	6.61701e-13	2.33752e-16
-17.2932	8.41108e-13	3.46844e-16
-17.193	1.06866e-12	5.1348e-16
-17.0927	1.35713e-12	7.5844e-16
-16.9925	1.72264e-12	1.11771e-15
-16.8922	2.18555e-12	1.64341e-15
-16.792	2.77149e-12	2.41086e-15
-16.6917	3.51279e-12	3.52864e-15
-16.5915	4.45014e-12	5.15291e-15
-16.4912	5.63477e-12	7.5077e-15
-16.391	7.13111e-12	1.09137e-14
-16.2907	9.02015e-12	1.58286e-14
-16.1905	1.14036e-11	2.29048e-14
-16.0902	1.44093e-11	3.30688e-14
-15.99	1.81975e-11	4.76342e-14
-15.8897	2.29691e-11	6.84589e-14
-15.7895	2.89761e-11	9.81634e-14
-15.6892	3.65339e-11	1.40436e-13
-15.589	4.60372e-11	2.00455e-13
-15.4887	5.79796e-11	2.85473e-13
-15.3885	7.29781e-11	4.05623e-13
-15.2882	9.18034e-11	5.75029e-13
-15.188	1.15417e-10	8.13328e-13
-15.0877	1.45019e-10	1.14776e-12
-14.9875	1.82103e-10	1.61602e-12
-14.8872	2.28531e-10	2.27013e-12
-14.787	2.8662e-10	3.18174e-12
-14.6867	3.59252e-10	4.44925e-12
-14.5865	4.50004e-10	6.20754e-12
-14.4862	5.63324e-10	8.64094e-12
-14.386	7.04725e-10	1.20009e-11
-14.2857	8.81043e-10	1.66292e-11
-14.1855	1.10075e-09	2.29902e-11
-14.0852	1.37432e-09	3.17118e-11
-13.985	1.71473e-09	4.36425e-11
-13.8847	2.13798e-09	5.9925e-11
-13.7845	2.66386e-09	8.20947e-11
-13.6842	3.31676e-09	1.1221e-10
-13.584	4.12675e-09	1.53023e-10
-13.4837	5.13085e-09	2.08206e-10
-13.3835	6.37463e-09	2.82643e-10
-13.2832	7.91407e-09	3.82818e-10
-13.183	9.81795e-09	5.17316e-10
-13.0827	1.21706e-08	6.97475e-10
-12.9825	1.50756e-08	9.38233e-10
-12.8822	1.86594e-08	1.25922e-09
-12.782	2.30771e-08	1.68618e-09
-12.6817	2.8518e-08	2.25275e-09
-12.5815	3.52134e-08	3.00285e-09
-12.4812	4.34454e-08	3.99358e-09
-12.381	5.35575e-08	5.29908e-09
-12.2807	6.59683e-08	7.01533e-09
-12.1805	8.11864e-08	9.26628e-09
-12.0802	9.98295e-08	1.22116e-08
-11.9799	1.22647e-07	1.60564e-08
-11.8797	1.50549e-07	2.10636e-08
-11.7794	1.84633e-07	2.75694e-08
-11.6792	2.2623e-07	3.60024e-08
-11.5789	2.76947e-07	4.69078e-08
-11.4787	3.3872e-07	6.09773e-08
-11.3784	4.13885e-07	7.90861e-08
-11.2782	5.05252e-07	1.02339e-07
-11.1779	6.16197e-07	1.32127e-07
-11.0777	7.50775e-07	1.70197e-07
-10.9774	9.13847e-07	2.18737e-07
-10.8772	1.11123e-06	2.80479e-07
-10.7769	1.34989e-06	3.5883e-07
-10.6767	1.63813e-06	4.58023e-07
-10.5764	1.98587e-06	5.83303e-07
-10.4762	2.40491e-06	7.41157e-07
-10.3759	2.90928e-06	9.39585e-07
-10.2757	3.51566e-06	1.18842e-06
-10.1754	4.24382e-06	1.49974e-06
-10.0752	5.11716e-06	1.88829e-06
-9.97494	6.16336e-06	2.3721e-06
-9.87469	7.4151e-06	2.97307e-06
-9.77444	8.91087e-06	3.71781e-06
-9.67419	1.0696e-05	4.63851e-06
-9.57393	1.28237e-05	5.77404e-06
-9.47368	1.53566e-05	7.17116e-06
-9.37343	1.83676e-05	8.88606e-06
-9.27318	2.19424e-05	1.0986e-05
-9.17293	2.61807e-05	1.35511e-05
-9.07268	3.11989e-05	1.66772e-05
-8.97243	3.71321e-05	2.04777e-05
-8.87218	4.41375e-05	2.50869e-05
-8.77193	5.23969e-05	3.06635e-05
-8.67168	6.21208e-05	3.73945e-05
-8.57143	7.35522e-05	4.5499e-05
-8.47118	8.69708e-05	5.52339e-05
-8.37093	0.000102699	6.68989e-05
-8.27068	0.000121105	8.08428e-05
-8.17043	0.000142613	9.74705e-05
-8.07018	0.000167705	0.00011725
-7.96992	0.000196933	0.000140723
-7.86967	0.000230925	0.00016851
-7.76942	0.000270392	0.000201323
-7.66917	0.00031614	0.000239979
-7.56892	0.000369082	0.000285405
-7.46867	0.000430245	0.000338656
-7.36842	0.000500784	0.000400927
-7.26817	0.000581996	0.000473567
-7.16792	0.000675333	0.000558093
-7.06767	0.000782414	0.000656208
-6.96742	0.00090504	0.000769814
-6.86717	0.00104521	0.000901031
-6.76692	0.00120515	0.00105221
-6.66667	0.0013873	0.00122596
-6.56642	0.00159434	0.00142514
-6.46617	0.00182923	0.0016529
-6.36591	0.00209521	0.00191271
-6.26566	0.00239578	0.0022083
-6.16541	0.00273478	0.00254377
-6.06516	0.00311634	0.00292352
-5.96491	0.00354494	0.00335231
-5.86466	0.00402536	0.00383523
-5.76441	0.00456276	0.00437772
-5.66416	0.00516261	0.00498556
-5.56391	0.00583072	0.00566486
-5.46366	0.00657324	0.00642206
-5.36341	0.00739665	0.00726387
-5.26316	0.00830771	0.00819732
-5.16291	0.00931345	0.00922964
-5.06266	0.0104212	0.0103683
-4.96241	0.0116384	0.0116209
-4.86216	0.0129728	0.0129951
-4.7619	0.0144321	0.0144987
-4.66165	0.0160241	0.0161395
-4.5614	0.0177567	0.017925
-4.46115	0.0196376	0.0198626
-4.3609	0.0216742	0.0219596
-4.26065	0.0238739	0.0242227
-4.1604	0.0262434	0.0266581
-4.06015	0.0287892	0.0292715
-3.9599	0.0315169	0.0320679
-3.85965	0.0344316	0.0350513
-3.7594	0.0375374	0.0382251
-3.65915	0.0408375	0.0415913
-3.5589	0.0443339	0.0451507
-3.45865	0.0480274	0.0489032
-3.3584	0.0519175	0.0528468
-3.25815	0.0560021	0.0569783
-3.15789	0.0602774	0.0612928
-3.05764	0.0647383	0.0657838
-2.95739	0.0693774	0.0704431
-2.85714	0.0741858	0.0752604
-2.75689	0.0791525	0.080224
-2.65664	0.0842645	0.0853201
-2.55639	0.089507	0.0905332
-2.45614	0.0948631	0.0958459
-2.35589	0.100314	0.101239
-2.25564	0.105839	0.106692
-2.15539	0.111415	0.112183
-2.05514	0.117019	0.117688
-1.95489	0.122624	0.123181
-1.85464	0.128204	0.128637
-1.75439	0.13373	0.134028
-1.65414	0.139173	0.139328
-1.55388	0.144503	0.144506
-1.45363	0.14969	0.149536
-1.35338	0.154703	0.154389
-1.25313	0.159512	0.159035
-1.15288	0.164087	0.163449
-1.05263	0.168398	0.167602
-0.952381	0.172419	0.171469
-0.85213	0.176121	0.175025
-0.75188	0.179481	0.178248
-0.651629	0.182474	0.181117
-0.551378	0.18508	0.183613
-0.451128	0.187281	0.185719
-0.350877	0.189061	0.187422
-0.250627	0.190408	0.188708
-0.150376	0.191311	0.189571
-0.0501253	0.191764	0.190004
0.0501253	0.191764	0.190004
0.150376	0.191311	0.189571
0.250627	0.190408	0.188708
0.350877	0.189061	0.187422
0.451128	0.187281	0.185719
0.551378	0.18508	0.183613
0.651629	0.182474	0.181117
0.75188	0.179481	0.178248
0.85213	0.176121	0.175025
0.952381	0.172419	0.171469
1.05263	0.168398	0.167602
1.15288	0.164087	0.163449
1.25313	0.159512	0.159035
1.35338	0.154703	0.154389
1.45363	0.14969	0.149536
1.55388	0.144503	0.144506
1.65414	0.139173	0.139328
1.75439	0.13373	0.134028
1.85464	0.128204	0.128637
1.95489	0.122624	0.123181
2.05514	0.117019	0.117688
2.15539	0.111415	0.112183
2.25564	0.105839	0.106692
2.35589	0.100314	0.101239
2.45614	0.0948631	0.0958459
2.55639	0.089507	0.0905332
2.65664	0.0842645	0.0853201
2.75689	0.0791525	0.080224
2.85714	0.0741858	0.0752604
2.95739	0.0693774	0.0704431
3.05764	0.0647383	0.0657838
3.15789	0.0602774	0.0612928
3.25815	0.0560021	0.0569783
3.3584	0.0519175	0.0528468
3.45865	0.0480274	0.0489032
3.5589	0.0443339	0.0451507
3.65915	0.0408375	0.0415913
3.7594	0.0375374	0.0382251
3.85965	0.0344316	0.0350513
3.9599	0.0315169	0.0320679
4.06015	0.0287892	0.0292715
4.1604	0.0262434	0.0266581
4.26065	0.0238739	0.0242227
4.3609	0.0216742	0.0219596
4.46115	0.0196376	0.0198626
4.5614	0.0177567	0.017925
4.66165	0.0160241	0.0161395
4.7619	0.0144321	0.0144987
4.86216	0.0129728	0.0129951
4.96241	0.0116384	0.0116209
5.06266	0.0104212	0.0103683
5.16291	0.00931345	0.00922964
5.26316	0.00830771	0.00819732
5.36341	0.00739665	0.00726387
5.46366	0.00657324	0.00642206
5.56391	0.00583072	0.00566486
5.66416	0.00516261	0.00498556
5.76441	0.00456276	0.00437772
5.86466	0.00402536	0.00383523
5.96491	0.00354494	0.00335231
6.06516	0.00311634	0.00292352
6.16541	0.00273478	0.00254377
6.26566	0.00239578	0.0022083
6.36591	0.00209521	0.00191271
6.46617	0.00182923	0.0016529
6.56642	0.00159434	0.00142514
6.66667	0.0013873	0.00122596
6.76692	0.00120515	0.00105221
6.86717	0.00104521	0.000901031
6.96742	0.00090504	0.000769814
7.06767	0.000782414	0.000656208
7.16792	0.000675333	0.000558093
7.26817	0.000581996	0.000473567
7.36842	0.000500784	0.000400927
7.46867	0.000430245	0.000338656
7.56892	0.000369082	0.000285405
7.66917	0.00031614	0.000239979
7.76942	0.000270392	0.000201323
7.86967	0.000230925	0.00016851
7.96992	0.000196933	0.000140723
8.07018	0.000167705	0.00011725
8.17043	0.000142613	9.74705e-05
8.27068	0.000121105	8.08428e-05
8.37093	0.000102699	6.68989e-05
8.47118	8.69708e-05	5.52339e-05
8.57143	7.35522e-05	4.5499e-05
8.67168	6.21208e-05	3.73945e-05
8.77193	5.23969e-05	3.06635e-05
8.87218	4.41375e-05	2.50869e-05
8.97243	3.71321e-05	2.04777e-05
9.07268	3.11989e-05	1.66772e-05
9.17293	2.61807e-05	1.35511e-05
9.27318	2.19424e-05	1.0986e-05
9.37343	1.83676e-05	8.88606e-06
9.47368	1.53566e-05	7.17116e-06
9.57393	1.28237e-05	5.77404e-06
9.67419	1.0696e-05	4.63851e-06
9.77444	8.91087e-06	3.71781e-06
9.87469	7.4151e-06	2.97307e-06
9.97494	6.16336e-06	2.3721e-06
10.0752	5.11716e-06	1.88829e-06
10.1754	4.24382e-06	1.49974e-06
10.2757	3.51566e-06	1.18842e-06
10.3759	2.90928e-06	9.39585e-07
10.4762	2.40491e-06	7.41157e-07
10.5764	1.98587e-06	5.83303e-07
10.6767	1.63813e-06	4.58023e-07
10.7769	1.34989e-06	3.5883e-07
10.8772	1.11123e-06	2.80479e-07
10.9774	9.13847e-07	2.18737e-07
11.0777	7.50775e-07	1.70197e-07
11.1779	6.16197e-07	1.32127e-07
11.2782	5.05252e-07	1.02339e-07
11.3784	4.13885e-07	7.90861e-08
11.4787	3.3872e-07	6.09773e-08
11.5789	2.76947e-07	4.69078e-08
11.6792	2.2623e-07	3.60024e-08
11.7794	1.84633e-07	2.75694e-08
11.8797	1.50549e-07	2.10636e-08
11.9799	1.22647e-07	1.60564e-08
12.0802	9.98295e-08	1.22116e-08
12.1805	8.11864e-08	9.26628e-09
12.2807	6.59683e-08	7.01533e-09
12.381	5.35575e-08	5.29908e-09
12.4812	4.34454e-08	3.99358e-09
12.5815	3.52134e-08	3.00285e-09
12.6817	2.8518e-08	2.25275e-09
12.782	2.30771e-08	1.68618e-09
12.8822	1.86594e-08	1.25922e-09
12.9825	1.50756e-08	9.38233e-10
13.0827	1.21706e-08	6.97475e-10
13.183	9.81795e-09	5.17316e-10
13.2832	7.91407e-09	3.82818e-10
13.3835	6.37463e-09	2.82643e-10
13.4837	5.13085e-09	2.08206e-10
13.584	4.12675e-09	1.53023e-10
13.6842	3.31676e-09	1.1221e-10
13.7845	2.66386e-09	8.20947e-11
13.8847	2.13798e-09	5.9925e-11
13.985	1.71473e-09	4.36425e-11
14.0852	1.37432e-09	3.17118e-11
14.1855	1.10075e-09	2.29902e-11
14.2857	8.81043e-10	1.66292e-11
14.386	7.04725e-10	1.20009e-11
14.4862	5.63324e-10	8.64094e-12
14.5865	4.50004e-10	6.20754e-12
14.6867	3.59252e-10	4.44925e-12
14.787	2.8662e-10	3.18174e-12
14.8872	2.28531e-10	2.27013e-12
14.9875	1.82103e-10	1.61602e-12
15.0877	1.45019e-10	1.14776e-12
15.188	1.15417e-10	8.13328e-13
15.2882	9.18034e-11	5.75029e-13
15.3885	7.29781e-11	4.05623e-13
15.4887	5.79796e-11	2.85473e-13
15.589	4.60372e-11	2.00455e-13
15.6892	3.65339e-11	1.40436e-13
15.7895	2.89761e-11	9.81634e-14
15.8897	2.29691e-11	6.84589e-14
15.99	1.81975e-11	4.76342e-14
16.0902	1.44093e-11	3.30688e-14
16.1905	1.14036e-11	2.29048e-14
16.2907	9.02015e-12	1.58286e-14
16.391	7.13111e-12	1.09137e-14
16.4912	5.63477e-12	7.5077e-15
16.5915	4.45014e-12	5.15291e-15
16.6917	3.51279e-12	3.52864e-15
16.792	2.77149e-12	2.41086e-15
16.8922	2.18555e-12	1.64341e-15
16.9925	1.72264e-12	1.11771e-15
17.0927	1.35713e-12	7.5844e-16
17.193	1.06866e-12	5.1348e-16
17.2932	8.41108e-13	3.46844e-16
17.3935	6.61701e-13	2.33752e-16
17.4937	5.20321e-13	1.57176e-16
17.594	4.08961e-13	1.05445e-16
17.6942	3.21289e-13	7.05786e-17
17.7945	2.52299e-13	4.71336e-17
17.8947	1.98035e-13	3.1405e-17
17.995	1.55373e-13	2.08773e-17
18.0952	1.21848e-13	1.38472e-17
18.1955	9.55152e-14	9.16341e-18
18.2957	7.48399e-14	6.05009e-18
18.396	5.86137e-14	3.98544e-18
18.4962	4.58841e-14	2.61939e-18
18.5965	3.59014e-14	1.71764e-18
18.6967	2.80753e-14	1.12376e-18
18.797	2.19413e-14	7.33545e-19
18.8972	1.71342e-14	4.77736e-19
18.9975	1.33666e-14	3.10426e-19
19.0977	1.04127e-14	2.01251e-19
19.198	8.09439e-15	1.30175e-19
19.2982	6.2718e-15	8.40091e-20
19.3985	4.8344e-15	5.40921e-20
19.4987	3.69471e-15	3.47497e-20
19.599	2.78312e-15	2.2273e-20
19.6992	2.04375e-15	1.42434e-20
19.7995	1.4311e-15	9.08782e-21
19.8997	9.0733e-16	5.78515e-21
20	4.39976e-16	3.67433e-21
