-20	1.22405e-14	3.66997e-18
-19.8997	2.51341e-14	5.38816e-18
-19.7995	3.93673e-14	7.89552e-18
-19.6992	5.56959e-14	1.15474e-17
-19.599	7.49831e-14	1.68557e-17
-19.4987	9.82443e-14	2.45568e-17
-19.3985	1.26698e-13	3.57075e-17
-19.2982	1.61827e-13	5.18214e-17
-19.198	2.05455e-13	7.50621e-17
-19.0977	2.59835e-13	1.08516e-16
-18.9975	3.27763e-13	1.56578e-16
-18.8972	4.12716e-13	2.2549e-16
-18.797	5.19021e-13	3.24105e-16
-18.6967	6.5207e-13	4.64951e-16
-18.5965	8.18583e-13	6.65718e-16
-18.4962	1.02693e-12	9.51338e-16
-18.396	1.28753e-12	1.35688e-15
-18.2957	1.61337e-12	1.93157e-15
-18.1955	2.0206e-12	2.74436e-15
-18.0952	2.52932e-12	3.89165e-15
-17.995	3.1645e-12	5.50793e-15
-17.8947	3.9572e-12	7.78045e-15
-17.7945	4.94596e-12	1.09694e-14
-17.6942	6.17864e-12	1.54356e-14
-17.594	7.71461e-12	2.16783e-14
-17.4937	9.62745e-12	3.03871e-14
-17.3935	1.20084e-11	4.25124e-14
-17.2932	1.49702e-11	5.93614e-14
-17.193	1.86528e-11	8.27282e-14
-17.0927	2.32289e-11	1.15071e-13
-16.9925	2.89122e-11	1.59749e-13
-16.8922	3.59663e-11	2.21348e-13
-16.792	4.47171e-11	3.06106e-13
-16.6917	5.55663e-11	4.22505e-13
-16.5915	6.9009e-11	5.82041e-13
-16.4912	8.56555e-11	8.0027e-13
-16.391	1.06257e-10	1.0982e-12
-16.2907	1.31738e-10	1.50414e-12
-16.1905	1.63234e-10	2.05617e-12
-16.0902	2.02141e-10	2.80536e-12
-15.99	2.50175e-10	3.82016e-12
-15.8897	3.09436e-10	5.19203e-12
-15.7895	3.82505e-10	7.04294e-12
-15.6892	4.72538e-10	9.53526e-12
-15.589	5.83405e-10	1.28847e-11
-15.4887	7.19833e-10	1.7377e-11
-15.3885	8.87608e-10	2.33905e-11
-15.2882	1.09379e-09	3.14243e-11
-15.188	1.347e-09	4.21361e-11
-15.0877	1.65776e-09	5.63903e-11
-14.9875	2.03887e-09	7.53211e-11
-14.8872	2.50595e-09	1.00413e-10
-14.787	3.07796e-09	1.33606e-10
-14.6867	3.778e-09	1.77429e-10
-14.5865	4.63408e-09	2.35171e-10
-14.4862	5.68024e-09	3.11104e-10
-14.386	6.95774e-09	4.10762e-10
-14.2857	8.51655e-09	5.41297e-10
-14.1855	1.04172e-08	7.11939e-10
-14.0852	1.27329e-08	9.34571e-10
-13.985	1.55521e-08	1.22446e-09
-13.8847	1.89816e-08	1.60117e-09
-13.7845	2.31502e-08	2.08974e-09
-13.6842	2.82132e-08	2.72213e-09
-13.584	3.43576e-08	3.53906e-09
-13.4837	4.18082e-08	4.59228e-09
-13.3835	5.08353e-08	5.94746e-09
-13.2832	6.17635e-08	7.6877e-09
-13.183	7.49819e-08	9.91797e-09
-13.0827	9.09569e-08	1.27706e-08
-12.9825	1.10247e-07	1.6412e-08
-12.8822	1.3352e-07	2.10511e-08
-12.782	1.61573e-07	2.69494e-08
-12.6817	1.95358e-07	3.44338e-08
-12.5815	2.3601e-07	4.3912e-08
-12.4812	2.84881e-07	5.58912e-08
-12.381	3.43577e-07	7.10011e-08
-12.2807	4.14011e-07	9.00221e-08
-12.1805	4.98448e-07	1.13919e-07
-12.0802	5.99578e-07	1.43881e-07
-11.9799	7.20584e-07	1.81373e-07
-11.8797	8.65234e-07	2.28194e-07
-11.7794	1.03798e-06	2.86548e-07
-11.6792	1.24406e-06	3.59131e-07
-11.5789	1.48969e-06	4.49232e-07
-11.4787	1.78214e-06	5.60854e-07
-11.3784	2.12998e-06	6.98861e-07
-11.2782	2.54329e-06	8.69149e-07
-11.1779	3.03386e-06	1.07885e-06
-11.0777	3.61553e-06	1.33655e-06
-10.9774	4.30446e-06	1.65263e-06
-10.8772	5.11957e-06	2.03951e-06
-10.7769	6.08291e-06	2.51211e-06
-10.6767	7.22017e-06	3.08826e-06
-10.5764	8.56126e-06	3.78922e-06
-10.4762	1.01409e-05	4.64032e-06
-10.3759	1.19995e-05	5.67164e-06
-10.2757	1.41836e-05	6.9188e-06
-10.1754	1.67473e-05	8.42394e-06
-10.0752	1.97532e-05	1.02367e-05
-9.97494	2.32731e-05	1.24156e-05
-9.87469	2.739e-05	1.50293e-05
-9.77444	3.21993e-05	1.81581e-05
-9.67419	3.78106e-05	2.1896e-05
-9.57393	4.43493e-05	2.63524e-05
-9.47368	5.19592e-05	3.16547e-05
-9.37343	6.08045e-05	3.79506e-05
-9.27318	7.10723e-05	4.54108e-05
-9.17293	8.2976e-05	5.42329e-05
-9.07268	9.6758e-05	6.4644e-05
-8.97243	0.000112693	7.69052e-05
-8.87218	0.000131094	9.13156e-05
-8.77193	0.000152312	0.000108217
-8.67168	0.000176744	0.000128
-8.57143	0.00020484	0.000151107
-8.47118	0.000237102	0.000178041
-8.37093	0.000274097	0.000209372
-8.27068	0.000316456	0.000245742
-8.17043	0.000364887	0.000287874
-8.07018	0.000420179	0.000336579
-7.96992	0.00048321	0.000392766
-7.86967	0.000554955	0.000457449
-7.76942	0.000636495	0.000531756
-7.66917	0.000729024	0.000616943
-7.56892	0.000833861	0.000714396
-7.46867	0.000952456	0.000825648
-7.36842	0.0010864	0.000952386
-7.26817	0.00123744	0.00109646
-7.16792	0.00140748	0.0012599
-7.06767	0.00159859	0.0014449
-6.96742	0.00181303	0.00165388
-6.86717	0.00205324	0.00188943
-6.76692	0.00232187	0.00215437
-6.66667	0.00262176	0.00245173
-6.56642	0.00295597	0.00278475
-6.46617	0.00332777	0.0031569
-6.36591	0.00374065	0.00357189
-6.26566	0.00419834	0.00403364
-6.16541	0.00470477	0.0045463
-6.06516	0.0052641	0.00511424
-5.96491	0.00588073	0.00574204
-5.86466	0.00655923	0.00643447
-5.76441	0.00730441	0.0071965
-5.66416	0.00812123	0.00803327
-5.56391	0.00901485	0.00895003
-5.46366	0.00999057	0.0099522
-5.36341	0.0110538	0.0110452
-5.26316	0.0122101	0.0122347
-5.16291	0.0134649	0.0135261
-5.06266	0.014824	0.0149251
-4.96241	0.0162929	0.0164369
-4.86216	0.017877	0.018067
-4.7619	0.0195818	0.0198205
-4.66165	0.0214125	0.0217022
-4.5614	0.0233739	0.0237168
-4.46115	0.0254709	0.0258684
-4.3609	0.0277076	0.0281608
-4.26065	0.0300878	0.0305972
-4.1604	0.0326149	0.0331804
-4.06015	0.0352916	0.0359123
-3.9599	0.0381198	0.0387941
-3.85965	0.0411009	0.0418265
-3.7594	0.0442352	0.0450089
-3.65915	0.0475222	0.0483401
-3.5589	0.0509606	0.0518177
-3.45865	0.0545477	0.0554384
-3.3584	0.05828	0.0591978
-3.25815	0.0621527	0.0630903
-3.15789	0.0661597	0.067109
-3.05764	0.0702938	0.0712462
-2.95739	0.0745464	0.0754925
-2.85714	0.0789077	0.0798377
-2.75689	0.0833666	0.0842703
-2.65664	0.0879106	0.0887774
-2.55639	0.092526	0.0933454
-2.45614	0.0971979	0.0979591
-2.35589	0.10191	0.102603
-2.25564	0.106646	0.107259
-2.15539	0.111386	0.111911
-2.05514	0.116112	0.116539
-1.95489	0.120804	0.121125
-1.85464	0.125441	0.125648
-1.75439	0.130002	0.13009
-1.65414	0.134466	0.134428
-1.55388	0.13881	0.138643
-1.45363	0.143014	0.142715
-1.35338	0.147055	0.146624
-1.25313	0.150911	0.150348
-1.15288	0.154563	0.153871
-1.05263	0.15799	0.157172
-0.952381	0.161173	0.160234
-0.85213	0.164094	0.163041
-0.75188	0.166736	0.165578
-0.651629	0.169083	0.16783
-0.551378	0.171122	0.169784
-0.451128	0.17284	0.171431
-0.350877	0.174228	0.172759
-0.250627	0.175276	0.173762
-0.150376	0.175978	0.174434
-0.0501253	0.17633	0.174771
0.0501253	0.17633	0.174771
0.150376	0.175978	0.174434
0.250627	0.175276	0.173762
0.350877	0.174228	0.172759
0.451128	0.17284	0.171431
0.551378	0.171122	0.169784
0.651629	0.169083	0.16783
0.75188	0.166736	0.165578
0.85213	0.164094	0.163041
0.952381	0.161173	0.160234
1.05263	0.15799	0.157172
1.15288	0.154563	0.153871
1.25313	0.150911	0.150348
1.35338	0.147055	0.146624
1.45363	0.143014	0.142715
1.55388	0.13881	0.138643
1.65414	0.134466	0.134428
1.75439	0.130002	0.13009
1.85464	0.125441	0.125648
1.95489	0.120804	0.121125
2.05514	0.116112	0.116539
2.15539	0.111386	0.111911
2.25564	0.106646	0.107259
2.35589	0.10191	0.102603
2.45614	0.0971979	0.0979591
2.55639	0.092526	0.0933454
2.65664	0.0879106	0.0887774
2.75689	0.0833666	0.0842703
2.85714	0.0789077	0.0798377
2.95739	0.0745464	0.0754925
3.05764	0.0702938	0.0712462
3.15789	0.0661597	0.067109
3.25815	0.0621527	0.0630903
3.3584	0.05828	0.0591978
3.45865	0.0545477	0.0554384
3.5589	0.0509606	0.0518177
3.65915	0.0475222	0.0483401
3.7594	0.0442352	0.0450089
3.85965	0.0411009	0.0418265
3.9599	0.0381198	0.0387941
4.06015	0.0352916	0.0359123
4.1604	0.0326149	0.0331804
4.26065	0.0300878	0.0305972
4.3609	0.0277076	0.0281608
4.46115	0.0254709	0.0258684
4.5614	0.0233739	0.0237168
4.66165	0.0214125	0.0217022
4.7619	0.0195818	0.0198205
4.86216	0.017877	0.018067
4.96241	0.0162929	0.0164369
5.06266	0.014824	0.0149251
5.16291	0.0134649	0.0135261
5.26316	0.0122101	0.0122347
5.36341	0.0110538	0.0110452
5.46366	0.00999057	0.0099522
5.56391	0.00901485	0.00895003
5.66416	0.00812123	0.00803327
5.76441	0.00730441	0.0071965
5.86466	0.00655923	0.00643447
5.96491	0.00588073	0.00574204
6.06516	0.0052641	0.00511424
6.16541	0.00470477	0.0045463
6.26566	0.00419834	0.00403364
6.36591	0.00374065	0.00357189
6.46617	0.00332777	0.0031569
6.56642	0.00295597	0.00278475
6.66667	0.00262176	0.00245173
6.76692	0.00232187	0.00215437
6.86717	0.00205324	0.00188943
6.96742	0.00181303	0.00165388
7.06767	0.00159859	0.0014449
7.16792	0.00140748	0.0012599
7.26817	0.00123744	0.00109646
7.36842	0.0010864	0.000952386
7.46867	0.000952456	0.000825648
7.56892	0.000833861	0.000714396
7.66917	0.000729024	0.000616943
7.76942	0.000636495	0.000531756
7.86967	0.000554955	0.000457449
7.96992	0.00048321	0.000392766
8.07018	0.000420179	0.000336579
8.17043	0.000364887	0.000287874
8.27068	0.000316456	0.000245742
8.37093	0.000274097	0.000209372
8.47118	0.000237102	0.000178041
8.57143	0.00020484	0.000151107
8.67168	0.000176744	0.000128
8.77193	0.000152312	0.000108217
8.87218	0.000131094	9.13156e-05
8.97243	0.000112693	7.69052e-05
9.07268	9.6758e-05	6.4644e-05
9.17293	8.2976e-05	5.42329e-05
9.27318	7.10723e-05	4.54108e-05
9.37343	6.08045e-05	3.79506e-05
9.47368	5.19592e-05	3.16547e-05
9.57393	4.43493e-05	2.63524e-05
9.67419	3.78106e-05	2.1896e-05
9.77444	3.21993e-05	1.81581e-05
9.87469	2.739e-05	1.50293e-05
9.97494	2.32731e-05	1.24156e-05
10.0752	1.97532e-05	1.02367e-05
10.1754	1.67473e-05	8.42394e-06
10.2757	1.41836e-05	6.9188e-06
10.3759	1.19995e-05	5.67164e-06
10.4762	1.01409e-05	4.64032e-06
10.5764	8.56126e-06	3.78922e-06
10.6767	7.22017e-06	3.08826e-06
10.7769	6.08291e-06	2.51211e-06
10.8772	5.11957e-06	2.03951e-06
10.9774	4.30446e-06	1.65263e-06
11.0777	3.61553e-06	1.33655e-06
11.1779	3.03386e-06	1.07885e-06
11.2782	2.54329e-06	8.69149e-07
11.3784	2.12998e-06	6.98861e-07
11.4787	1.78214e-06	5.60854e-07
11.5789	1.48969e-06	4.49232e-07
11.6792	1.24406e-06	3.59131e-07
11.7794	1.03798e-06	2.86548e-07
11.8797	8.65234e-07	2.28194e-07
11.9799	7.20584e-07	1.81373e-07
12.0802	5.99578e-07	1.43881e-07
12.1805	4.98448e-07	1.13919e-07
12.2807	4.14011e-07	9.00221e-08
12.381	3.43577e-07	7.10011e-08
12.4812	2.84881e-07	5.58912e-08
12.5815	2.3601e-07	4.3912e-08
12.6817	1.95358e-07	3.44338e-08
12.782	1.61573e-07	2.69494e-08
12.8822	1.3352e-07	2.10511e-08
12.9825	1.10247e-07	1.6412e-08
13.0827	9.09569e-08	1.27706e-08
13.183	7.49819e-08	9.91797e-09
13.2832	6.17635e-08	7.6877e-09
13.3835	5.08353e-08	5.94746e-09
13.4837	4.18082e-08	4.59228e-09
13.584	3.43576e-08	3.53906e-09
13.6842	2.82132e-08	2.72213e-09
13.7845	2.31502e-08	2.08974e-09
13.8847	1.89816e-08	1.60117e-09
13.985	1.55521e-08	1.22446e-09
14.0852	1.27329e-08	9.34571e-10
14.1855	1.04172e-08	7.11939e-10
14.2857	8.51655e-09	5.41297e-10
14.386	6.95774e-09	4.10762e-10
14.4862	5.68024e-09	3.11104e-10
14.5865	4.63408e-09	2.35171e-10
14.6867	3.778e-09	1.77429e-10
14.787	3.07796e-09	1.33606e-10
14.8872	2.50595e-09	1.00413e-10
14.9875	2.03887e-09	7.53211e-11
15.0877	1.65776e-09	5.63903e-11
15.188	1.347e-09	4.21361e-11
15.2882	1.09379e-09	3.14243e-11
15.3885	8.87608e-10	2.33905e-11
15.4887	7.19833e-10	1.7377e-11
15.589	5.83405e-10	1.28847e-11
15.6892	4.72538e-10	9.53526e-12
15.7895	3.82505e-10	7.04294e-12
15.8897	3.09436e-10	5.19203e-12
15.99	2.50175e-10	3.82016e-12
16.0902	2.02141e-10	2.80536e-12
16.1905	1.63234e-10	2.05617e-12
16.2907	1.31738e-10	1.50414e-12
16.391	1.06257e-10	1.0982e-12
16.4912	8.56555e-11	8.0027e-13
16.5915	6.9009e-11	5.82041e-13
16.6917	5.55663e-11	4.22505e-13
16.792	4.47171e-11	3.06106e-13
16.8922	3.59663e-11	2.21348e-13
16.9925	2.89122e-11	1.59749e-13
17.0927	2.32289e-11	1.15071e-13
17.193	1.86528e-11	8.27282e-14
17.2932	1.49702e-11	5.93614e-14
17.3935	1.20084e-11	4.25124e-14
17.4937	9.62745e-12	3.03871e-14
17.594	7.71461e-12	2.16783e-14
17.6942	6.17864e-12	1.54356e-14
17.7945	4.94596e-12	1.09694e-14
17.8947	3.9572e-12	7.78045e-15
17.995	3.1645e-12	5.50793e-15
18.0952	2.52932e-12	3.89165e-15
18.1955	2.0206e-12	2.74436e-15
18.2957	1.61337e-12	1.93157e-15
18.396	1.28753e-12	1.35688e-15
18.4962	1.02693e-12	9.51338e-16
18.5965	8.18583e-13	6.65718e-16
18.6967	6.5207e-13	4.64951e-16
18.797	5.19021e-13	3.24105e-16
18.8972	4.12716e-13	2.2549e-16
18.9975	3.27763e-13	1.56578e-16
19.0977	2.59835e-13	1.08516e-16
19.198	2.05455e-13	7.50621e-17
19.2982	1.61827e-13	5.18214e-17
19.3985	1.26698e-13	3.57075e-17
19.4987	9.82443e-14	2.45568e-17
19.599	7.49831e-14	1.68557e-17
19.6992	5.56959e-14	1.15474e-17
19.7995	3.93673e-14	7.89552e-18
19.8997	2.51341e-14	5.38816e-18
20	1.22405e-14	3.66997e-18
