-20	1.75656e-13	5.74297e-16
-19.8997	3.59408e-13	8.01049e-16
-19.7995	5.59713e-13	1.11546e-15
-19.6992	7.85753e-13	1.55069e-15
-19.599	1.04785e-12	2.15213e-15
-19.4987	1.35789e-12	2.98186e-15
-19.3985	1.72988e-12	4.12456e-15
-19.2982	2.18052e-12	5.69564e-15
-19.198	2.72992e-12	7.85202e-15
-19.0977	3.40247e-12	1.08067e-14
-18.9975	4.22786e-12	1.48484e-14
-18.8972	5.24235e-12	2.03676e-14
-18.797	6.49023e-12	2.78916e-14
-18.6967	8.02573e-12	3.81313e-14
-18.5965	9.9152e-12	5.20431e-14
-18.4962	1.22398e-11	7.09117e-14
-18.396	1.50991e-11	9.64599e-14
-18.2957	1.86144e-11	1.30993e-13
-18.1955	2.29346e-11	1.77593e-13
-18.0952	2.82413e-11	2.40367e-13
-17.995	3.47565e-11	3.24788e-13
-17.8947	4.27511e-11	4.38124e-13
-17.7945	5.25558e-11	5.90022e-13
-17.6942	6.45736e-11	7.93256e-13
-17.594	7.92961e-11	1.06471e-12
-17.4937	9.73213e-11	1.42667e-12
-17.3935	1.19378e-10	1.9085e-12
-17.2932	1.46351e-10	2.54877e-12
-17.193	1.79317e-10	3.39817e-12
-17.0927	2.19585e-10	4.52306e-12
-16.9925	2.68741e-10	6.01027e-12
-16.8922	3.28711e-10	7.97314e-12
-16.792	4.01829e-10	1.05594e-11
-16.6917	4.90923e-10	1.39611e-11
-16.5915	5.99416e-10	1.8428e-11
-16.4912	7.31448e-10	2.42833e-11
-16.391	8.92025e-10	3.19456e-11
-16.2907	1.08719e-09	4.19555e-11
-16.1905	1.32425e-09	5.50099e-11
-16.0902	1.612e-09	7.20055e-11
-15.99	1.96105e-09	9.40946e-11
-15.8897	2.38418e-09	1.22754e-10
-15.7895	2.89677e-09	1.59876e-10
-15.6892	3.5173e-09	2.07876e-10
-15.589	4.26802e-09	2.69835e-10
-15.4887	5.17558e-09	3.49676e-10
-15.3885	6.27201e-09	4.52384e-10
-15.2882	7.59568e-09	5.84282e-10
-15.188	9.19255e-09	7.53375e-10
-15.0877	1.11176e-08	9.69782e-10
-14.9875	1.34367e-08	1.24627e-09
-14.8872	1.62284e-08	1.5989e-09
-14.787	1.95865e-08	2.04788e-09
-14.6867	2.36231e-08	2.61856e-09
-14.5865	2.84714e-08	3.34268e-09
-14.4862	3.42904e-08	4.2599e-09
-14.386	4.1269e-08	5.41974e-09
-14.2857	4.9632e-08	6.88385e-09
-14.1855	5.96462e-08	8.72887e-09
-14.0852	7.16282e-08	1.10499e-08
-13.985	8.59533e-08	1.39647e-08
-13.8847	1.03066e-07	1.7619e-08
-13.7845	1.23492e-07	2.21923e-08
-13.6842	1.47854e-07	2.7906e-08
-13.584	1.76886e-07	3.50321e-08
-13.4837	2.11454e-07	4.39045e-08
-13.3835	2.52579e-07	5.49321e-08
-13.2832	3.01464e-07	6.86146e-08
-13.183	3.59525e-07	8.55619e-08
-13.0827	4.28422e-07	1.06517e-07
-12.9825	5.1011e-07	1.32382e-07
-12.8822	6.06875e-07	1.64254e-07
-12.782	7.21401e-07	2.03458e-07
-12.6817	8.56826e-07	2.51598e-07
-12.5815	1.01682e-06	3.10609e-07
-12.4812	1.20566e-06	3.8282e-07
-12.381	1.42836e-06	4.7103e-07
-12.2807	1.69073e-06	5.78598e-07
-12.1805	1.99956e-06	7.09542e-07
-12.0802	2.36272e-06	8.68668e-07
-11.9799	2.78937e-06	1.0617e-06
-11.8797	3.29012e-06	1.29547e-06
-11.7794	3.87727e-06	1.57806e-06
-11.6792	4.56506e-06	1.91908e-06
-11.5789	5.36992e-06	2.3299e-06
-11.4787	6.31085e-06	2.82394e-06
-11.3784	7.40974e-06	3.41702e-06
-11.2782	8.6918e-06	4.12774e-06
-11.1779	1.0186e-05	4.97797e-06
-11.0777	1.19257e-05	5.99329e-06
-10.9774	1.3949e-05	7.20364e-06
-10.8772	1.62997e-05	8.64395e-06
-10.7769	1.90279e-05	1.03549e-05
-10.6767	2.21907e-05	1.23838e-05
-10.5764	2.58534e-05	1.47855e-05
-10.4762	3.00903e-05	1.76235e-05
-10.3759	3.4986e-05	2.09711e-05
-10.2757	4.06366e-05	2.49129e-05
-10.1754	4.71512e-05	2.95462e-05
-10.0752	5.46531e-05	3.49826e-05
-9.97494	6.32821e-05	4.13501e-05
-9.87469	7.31959e-05	4.87949e-05
-9.77444	8.45724e-05	5.74839e-05
-9.67419	9.7612e-05	6.7607e-05
-9.57393	0.00011254	7.938e-05
-9.47368	0.000129609	9.30474e-05
-9.37343	0.000149102	0.000108886
-9.27318	0.000171336	0.000127207
-9.17293	0.000196664	0.000148363
-9.07268	0.000225482	0.000172748
-8.97243	0.000258229	0.000200806
-8.87218	0.000295391	0.00023303
-8.77193	0.000337511	0.000269974
-8.67168	0.000385187	0.000312251
-8.57143	0.00043908	0.000360547
-8.47118	0.000499922	0.000415616
-8.37093	0.000568513	0.000478296
-8.27068	0.000645739	0.000549509
-8.17043	0.000732565	0.00063027
-8.07018	0.00083005	0.000721693
-7.96992	0.000939351	0.000824996
-7.86967	0.00106173	0.00094151
-7.76942	0.00119854	0.00107268
-7.66917	0.00135129	0.00122009
-7.56892	0.00152157	0.00138544
-7.46867	0.00171112	0.00157056
-7.36842	0.00192181	0.00177745
-7.26817	0.00215564	0.00200823
-7.16792	0.00241478	0.00226518
-7.06767	0.0027015	0.00255074
-6.96742	0.00301828	0.0028675
-6.86717	0.0033677	0.00321821
-6.76692	0.00375254	0.00360577
-6.66667	0.0041757	0.00403327
-6.56642	0.00464027	0.0045039
-6.46617	0.00514947	0.00502105
-6.36591	0.00570667	0.00558823
-6.26566	0.00631539	0.00620909
-6.16541	0.00697929	0.00688739
-6.06516	0.00770214	0.00762703
-5.96491	0.00848786	0.00843199
-5.86466	0.00934042	0.00930633
-5.76441	0.0102639	0.0102542
-5.66416	0.0112625	0.0112797
-5.56391	0.0123403	0.012387
-5.46366	0.0135016	0.0135803
-5.36341	0.0147505	0.0148637
-5.26316	0.0160912	0.0162412
-5.16291	0.0175278	0.0177167
-5.06266	0.0190641	0.0192939
-4.96241	0.0207041	0.0209765
-4.86216	0.0224513	0.0227677
-4.7619	0.024309	0.0246705
-4.66165	0.0262804	0.0266878
-4.5614	0.0283683	0.0288217
-4.46115	0.0305749	0.0310742
-4.3609	0.0329023	0.0334468
-4.26065	0.0353519	0.0359404
-4.1604	0.0379246	0.0385554
-4.06015	0.0406207	0.0412916
-3.9599	0.0434401	0.044148
-3.85965	0.0463817	0.0471232
-3.7594	0.0494439	0.0502148
-3.65915	0.0526242	0.0534199
-3.5589	0.0559194	0.0567346
-3.45865	0.0593254	0.0601542
-3.3584	0.0628373	0.0636735
-3.25815	0.0664493	0.067286
-3.15789	0.0701546	0.0709846
-3.05764	0.0739457	0.0747615
-2.95739	0.0778139	0.0786077
-2.85714	0.08175	0.0825137
-2.75689	0.0857436	0.0864691
-2.65664	0.0897835	0.0904627
-2.55639	0.0938578	0.0944826
-2.45614	0.0979537	0.0985163
-2.35589	0.102058	0.102551
-2.25564	0.106156	0.106572
-2.15539	0.110233	0.110565
-2.05514	0.114275	0.114517
-1.95489	0.118264	0.118412
-1.85464	0.122187	0.122234
-1.75439	0.126025	0.12597
-1.65414	0.129764	0.129602
-1.55388	0.133386	0.133117
-1.45363	0.136876	0.136498
-1.35338	0.140217	0.139731
-1.25313	0.143394	0.142802
-1.15288	0.146393	0.145696
-1.05263	0.149197	0.148401
-0.952381	0.151795	0.150904
-0.85213	0.154172	0.153192
-0.75188	0.156317	0.155255
-0.651629	0.158219	0.157083
-0.551378	0.159868	0.158667
-0.451128	0.161255	0.16
-0.350877	0.162374	0.161073
-0.250627	0.163219	0.161883
-0.150376	0.163784	0.162426
-0.0501253	0.164068	0.162698
0.0501253	0.164068	0.162698
0.150376	0.163784	0.162426
0.250627	0.163219	0.161883
0.350877	0.162374	0.161073
0.451128	0.161255	0.16
0.551378	0.159868	0.158667
0.651629	0.158219	0.157083
0.75188	0.156317	0.155255
0.85213	0.154172	0.153192
0.952381	0.151795	0.150904
1.05263	0.149197	0.148401
1.15288	0.146393	0.145696
1.25313	0.143394	0.142802
1.35338	0.140217	0.139731
1.45363	0.136876	0.136498
1.55388	0.133386	0.133117
1.65414	0.129764	0.129602
1.75439	0.126025	0.12597
1.85464	0.122187	0.122234
1.95489	0.118264	0.118412
2.05514	0.114275	0.114517
2.15539	0.110233	0.110565
2.25564	0.106156	0.106572
2.35589	0.102058	0.102551
2.45614	0.0979537	0.0985163
2.55639	0.0938578	0.0944826
2.65664	0.0897835	0.0904627
2.75689	0.0857436	0.0864691
2.85714	0.08175	0.0825137
2.95739	0.0778139	0.0786077
3.05764	0.0739457	0.0747615
3.15789	0.0701546	0.0709846
3.25815	0.0664493	0.067286
3.3584	0.0628373	0.0636735
3.45865	0.0593254	0.0601542
3.5589	0.0559194	0.0567346
3.65915	0.0526242	0.0534199
3.7594	0.0494439	0.0502148
3.85965	0.0463817	0.0471232
3.9599	0.0434401	0.044148
4.06015	0.0406207	0.0412916
4.1604	0.0379246	0.0385554
4.26065	0.0353519	0.0359404
4.3609	0.0329023	0.0334468
4.46115	0.0305749	0.0310742
4.5614	0.0283683	0.0288217
4.66165	0.0262804	0.0266878
4.7619	0.024309	0.0246705
4.86216	0.0224513	0.0227677
4.96241	0.0207041	0.0209765
5.06266	0.0190641	0.0192939
5.16291	0.0175278	0.0177167
5.26316	0.0160912	0.0162412
5.36341	0.0147505	0.0148637
5.46366	0.0135016	0.0135803
5.56391	0.0123403	0.012387
5.66416	0.0112625	0.0112797
5.76441	0.0102639	0.0102542
5.86466	0.00934042	0.00930633
5.96491	0.00848786	0.00843199
6.06516	0.00770214	0.00762703
6.16541	0.00697929	0.00688739
6.26566	0.00631539	0.00620909
6.36591	0.00570667	0.00558823
6.46617	0.00514947	0.00502105
6.56642	0.00464027	0.0045039
6.66667	0.0041757	0.00403327
6.76692	0.00375254	0.00360577
6.86717	0.0033677	0.00321821
6.96742	0.00301828	0.0028675
7.06767	0.0027015	0.00255074
7.16792	0.00241478	0.00226518
7.26817	0.00215564	0.00200823
7.36842	0.00192181	0.00177745
7.46867	0.00171112	0.00157056
7.56892	0.00152157	0.00138544
7.66917	0.00135129	0.00122009
7.76942	0.00119854	0.00107268
7.86967	0.00106173	0.00094151
7.96992	0.000939351	0.000824996
8.07018	0.00083005	0.000721693
8.17043	0.000732565	0.00063027
8.27068	0.000645739	0.000549509
8.37093	0.000568513	0.000478296
8.47118	0.000499922	0.000415616
8.57143	0.00043908	0.000360547
8.67168	0.000385187	0.000312251
8.77193	0.000337511	0.000269974
8.87218	0.000295391	0.00023303
8.97243	0.000258229	0.000200806
9.07268	0.000225482	0.000172748
9.17293	0.000196664	0.000148363
9.27318	0.000171336	0.000127207
9.37343	0.000149102	0.000108886
9.47368	0.000129609	9.30474e-05
9.57393	0.00011254	7.938e-05
9.67419	9.7612e-05	6.7607e-05
9.77444	8.45724e-05	5.74839e-05
9.87469	7.31959e-05	4.87949e-05
9.97494	6.32821e-05	4.13501e-05
10.0752	5.46531e-05	3.49826e-05
10.1754	4.71512e-05	2.95462e-05
10.2757	4.06366e-05	2.49129e-05
10.3759	3.4986e-05	2.09711e-05
10.4762	3.00903e-05	1.76235e-05
10.5764	2.58534e-05	1.47855e-05
10.6767	2.21907e-05	1.23838e-05
10.7769	1.90279e-05	1.03549e-05
10.8772	1.62997e-05	8.64395e-06
10.9774	1.3949e-05	7.20364e-06
11.0777	1.19257e-05	5.99329e-06
11.1779	1.0186e-05	4.97797e-06
11.2782	8.6918e-06	4.12774e-06
11.3784	7.40974e-06	3.41702e-06
11.4787	6.31085e-06	2.82394e-06
11.5789	5.36992e-06	2.3299e-06
11.6792	4.56506e-06	1.91908e-06
11.7794	3.87727e-06	1.57806e-06
11.8797	3.29012e-06	1.29547e-06
11.9799	2.78937e-06	1.0617e-06
12.0802	2.36272e-06	8.68668e-07
12.1805	1.99956e-06	7.09542e-07
12.2807	1.69073e-06	5.78598e-07
12.381	1.42836e-06	4.7103e-07
12.4812	1.20566e-06	3.8282e-07
12.5815	1.01682e-06	3.10609e-07
12.6817	8.56826e-07	2.51598e-07
12.782	7.21401e-07	2.03458e-07
12.8822	6.06875e-07	1.64254e-07
12.9825	5.1011e-07	1.32382e-07
13.0827	4.28422e-07	1.06517e-07
13.183	3.59525e-07	8.55619e-08
13.2832	3.01464e-07	6.86146e-08
13.3835	2.52579e-07	5.49321e-08
13.4837	2.11454e-07	4.39045e-08
13.584	1.76886e-07	3.50321e-08
13.6842	1.47854e-07	2.7906e-08
13.7845	1.23492e-07	2.21923e-08
13.8847	1.03066e-07	1.7619e-08
13.985	8.59533e-08	1.39647e-08
14.0852	7.16282e-08	1.10499e-08
14.1855	5.96462e-08	8.72887e-09
14.2857	4.9632e-08	6.88385e-09
14.386	4.1269e-08	5.41974e-09
14.4862	3.42904e-08	4.2599e-09
14.5865	2.84714e-08	3.34268e-09
14.6867	2.36231e-08	2.61856e-09
14.787	1.95865e-08	2.04788e-09
14.8872	1.62284e-08	1.5989e-09
14.9875	1.34367e-08	1.24627e-09
15.0877	1.11176e-08	9.69782e-10
15.188	9.19255e-09	7.53375e-10
15.2882	7.59568e-09	5.84282e-10
15.3885	6.27201e-09	4.52384e-10
15.4887	5.17558e-09	3.49676e-10
15.589	4.26802e-09	2.69835e-10
15.6892	3.5173e-09	2.07876e-10
15.7895	2.89677e-09	1.59876e-10
15.8897	2.38418e-09	1.22754e-10
15.99	1.96105e-09	9.40946e-11
16.0902	1.612e-09	7.20055e-11
16.1905	1.32425e-09	5.50099e-11
16.2907	1.08719e-09	4.19555e-11
16.391	8.92025e-10	3.19456e-11
16.4912	7.31448e-10	2.42833e-11
16.5915	5.99416e-10	1.8428e-11
16.6917	4.90923e-10	1.39611e-11
16.792	4.01829e-10	1.05594e-11
16.8922	3.28711e-10	7.97314e-12
16.9925	2.68741e-10	6.01027e-12
17.0927	2.19585e-10	4.52306e-12
17.193	1.79317e-10	3.39817e-12
17.2932	1.46351e-10	2.54877e-12
17.3935	1.19378e-10	1.9085e-12
17.4937	9.73213e-11	1.42667e-12
17.594	7.92961e-11	1.06471e-12
17.6942	6.45736e-11	7.93256e-13
17.7945	5.25558e-11	5.90022e-13
17.8947	4.27511e-11	4.38124e-13
17.995	3.47565e-11	3.24788e-13
18.0952	2.82413e-11	2.40367e-13
18.1955	2.29346e-11	1.77593e-13
18.2957	1.86144e-11	1.30993e-13
18.396	1.50991e-11	9.64599e-14
18.4962	1.22398e-11	7.09117e-14
18.5965	9.9152e-12	5.20431e-14
18.6967	8.02573e-12	3.81313e-14
18.797	6.49023e-12	2.78916e-14
18.8972	5.24235e-12	2.03676e-14
18.9975	4.22786e-12	1.48484e-14
19.0977	3.40247e-12	1.08067e-14
19.198	2.72992e-12	7.85202e-15
19.2982	2.18052e-12	5.69564e-15
19.3985	1.72988e-12	4.12456e-15
19.4987	1.35789e-12	2.98186e-15
19.599	1.04785e-12	2.15213e-15
19.6992	7.85753e-13	1.55069e-15
19.7995	5.59713e-13	1.11546e-15
19.8997	3.59408e-13	8.01049e-16
20	1.75656e-13	5.74297e-16
