-20	1.57214e-12	2.71308e-14
-19.8997	3.20733e-12	3.6389e-14
-19.7995	4.97104e-12	4.87345e-14
-19.6992	6.93359e-12	6.51722e-14
-19.599	9.17285e-12	8.70256e-14
-19.4987	1.17772e-11	1.16036e-13
-19.3985	1.48486e-11	1.54488e-13
-19.2982	1.85068e-11	2.0538e-13
-19.198	2.28934e-11	2.72634e-13
-19.0977	2.8177e-11	3.61378e-13
-18.9975	3.45594e-11	4.78302e-13
-18.8972	4.22832e-11	6.32124e-13
-18.797	5.16398e-11	8.34183e-13
-18.6967	6.29802e-11	1.09921e-12
-18.5965	7.67273e-11	1.4463e-12
-18.4962	9.33905e-11	1.90018e-12
-18.396	1.13584e-10	2.49282e-12
-18.2957	1.38046e-10	3.26547e-12
-18.1955	1.67668e-10	4.2713e-12
-18.0952	2.03519e-10	5.57872e-12
-17.995	2.4689e-10	7.27558e-12
-17.8947	2.99327e-10	9.47458e-12
-17.7945	3.62692e-10	1.232e-11
-17.6942	4.39218e-10	1.59964e-11
-17.594	5.31585e-10	2.07393e-11
-17.4937	6.43006e-10	2.68487e-11
-17.3935	7.77331e-10	3.47066e-11
-17.2932	9.39172e-10	4.47981e-11
-17.193	1.13405e-09	5.77387e-11
-17.0927	1.36855e-09	7.43076e-11
-16.9925	1.65057e-09	9.54903e-11
-16.8922	1.98951e-09	1.22531e-10
-16.792	2.39662e-09	1.56996e-10
-16.6917	2.88528e-09	2.00859e-10
-16.5915	3.47147e-09	2.56599e-10
-16.4912	4.17418e-09	3.27324e-10
-16.391	5.01604e-09	4.16926e-10
-16.2907	6.02392e-09	5.30273e-10
-16.1905	7.22977e-09	6.73441e-10
-16.0902	8.67151e-09	8.54001e-10
-15.99	1.03941e-08	1.08138e-09
-15.8897	1.24509e-08	1.36727e-09
-15.7895	1.49051e-08	1.7262e-09
-15.6892	1.78313e-08	2.17614e-09
-15.589	2.13179e-08	2.73932e-09
-15.4887	2.54695e-08	3.44317e-09
-15.3885	3.04092e-08	4.32147e-09
-15.2882	3.62825e-08	5.41583e-09
-15.188	4.32608e-08	6.77731e-09
-15.0877	5.15459e-08	8.46856e-09
-14.9875	6.13756e-08	1.05662e-08
-14.8872	7.3029e-08	1.31641e-08
-14.787	8.68342e-08	1.63765e-08
-14.6867	1.03176e-07	2.03427e-08
-14.5865	1.22507e-07	2.52323e-08
-14.4862	1.45355e-07	3.1251e-08
-14.386	1.72341e-07	3.86484e-08
-14.2857	2.04187e-07	4.77262e-08
-14.1855	2.41741e-07	5.88494e-08
-14.0852	2.85991e-07	7.2458e-08
-13.985	3.38089e-07	8.9082e-08
-13.8847	3.99378e-07	1.09359e-07
-13.7845	4.7142e-07	1.34053e-07
-13.6842	5.56035e-07	1.6408e-07
-13.584	6.55335e-07	2.00538e-07
-13.4837	7.71771e-07	2.44735e-07
-13.3835	9.08186e-07	2.98233e-07
-13.2832	1.06788e-06	3.6289e-07
-13.183	1.25465e-06	4.40912e-07
-13.0827	1.47292e-06	5.3492e-07
-12.9825	1.72777e-06	6.48016e-07
-12.8822	2.02508e-06	7.83864e-07
-12.782	2.37161e-06	9.46794e-07
-12.6817	2.77516e-06	1.1419e-06
-12.5815	3.24468e-06	1.37519e-06
-12.4812	3.79049e-06	1.6537e-06
-12.381	4.42438e-06	1.98567e-06
-12.2807	5.15991e-06	2.38077e-06
-12.1805	6.01258e-06	2.85029e-06
-12.0802	7.00014e-06	3.40736e-06
-11.9799	8.14284e-06	4.06731e-06
-11.8797	9.46382e-06	4.84792e-06
-11.7794	1.09894e-05	5.76982e-06
-11.6792	1.27496e-05	6.85692e-06
-11.5789	1.47786e-05	8.13682e-06
-11.4787	1.71151e-05	9.6414e-06
-11.3784	1.9803e-05	1.14073e-05
-11.2782	2.28922e-05	1.34768e-05
-11.1779	2.64389e-05	1.58983e-05
-11.0777	3.05068e-05	1.87272e-05
-10.9774	3.51678e-05	2.2027e-05
-10.8772	4.05029e-05	2.58699e-05
-10.7769	4.66031e-05	3.03386e-05
-10.6767	5.35711e-05	3.55266e-05
-10.5764	6.15217e-05	4.15406e-05
-10.4762	7.05839e-05	4.8501e-05
-10.3759	8.09022e-05	5.65441e-05
-10.2757	9.26378e-05	6.58239e-05
-10.1754	0.000105971	7.65137e-05
-10.0752	0.000121103	8.88084e-05
-9.97494	0.000138256	0.000102927
-9.87469	0.00015768	0.000119114
-9.77444	0.00017965	0.000137643
-9.67419	0.000204471	0.00015882
-9.57393	0.000232483	0.000182985
-9.47368	0.000264057	0.000210517
-9.37343	0.000299606	0.000241833
-9.27318	0.000339583	0.000277399
-9.17293	0.000384486	0.000317726
-9.07268	0.000434863	0.00036338
-8.97243	0.000491311	0.00041498
-8.87218	0.000554488	0.000473209
-8.77193	0.000625106	0.000538813
-8.67168	0.000703947	0.000612608
-8.57143	0.000791856	0.000695483
-8.47118	0.000889755	0.000788405
-8.37093	0.000998641	0.000892425
-8.27068	0.00111959	0.00100868
-8.17043	0.00125377	0.0011384
-8.07018	0.00140243	0.0012829
-7.96992	0.00156691	0.00144362
-7.86967	0.00174867	0.00162208
-7.76942	0.00194925	0.00181991
-7.66917	0.00217029	0.00203885
-7.56892	0.00241356	0.00228077
-7.46867	0.00268093	0.00254764
-7.36842	0.00297436	0.00284153
-7.26817	0.00329597	0.00316466
-7.16792	0.00364796	0.00351933
-7.06767	0.00403264	0.00390798
-6.96742	0.00445246	0.00433315
-6.86717	0.00490996	0.0047975
-6.76692	0.0054078	0.00530378
-6.66667	0.00594874	0.00585484
-6.56642	0.00653562	0.00645363
-6.46617	0.00717142	0.00710317
-6.36591	0.00785914	0.00780656
-6.26566	0.00860191	0.00856695
-6.16541	0.00940288	0.00938755
-6.06516	0.0102653	0.0102716
-5.96491	0.0111923	0.0112223
-5.86466	0.0121873	0.0122429
-5.76441	0.0132535	0.0133367
-5.66416	0.0143942	0.0145068
-5.56391	0.0156125	0.0157562
-5.46366	0.0169115	0.0170881
-5.36341	0.0182943	0.0185051
-5.26316	0.0197638	0.0200102
-5.16291	0.0213228	0.0216058
-5.06266	0.0229738	0.0232942
-4.96241	0.0247192	0.0250775
-4.86216	0.026561	0.0269576
-4.7619	0.0285013	0.0289359
-4.66165	0.0305413	0.0310136
-4.5614	0.0326825	0.0331914
-4.46115	0.0349254	0.0354698
-4.3609	0.0372705	0.0378487
-4.26065	0.0397177	0.0403277
-4.1604	0.0422665	0.0429056
-4.06015	0.0449157	0.0455811
-3.9599	0.0476638	0.048352
-3.85965	0.0505086	0.0512157
-3.7594	0.0534472	0.0541691
-3.65915	0.0564763	0.0572083
-3.5589	0.0595918	0.0603289
-3.45865	0.0627891	0.063526
-3.3584	0.0660629	0.0667938
-3.25815	0.069407	0.0701263
-3.15789	0.072815	0.0735165
-3.05764	0.0762795	0.0769569
-2.95739	0.0797926	0.0804396
-2.85714	0.0833456	0.0839559
-2.75689	0.0869294	0.0874967
-2.65664	0.0905343	0.0910525
-2.55639	0.09415	0.0946131
-2.45614	0.0977658	0.0981679
-2.35589	0.10137	0.101706
-2.25564	0.104952	0.105217
-2.15539	0.108499	0.108688
-2.05514	0.111999	0.112108
-1.95489	0.115439	0.115465
-1.85464	0.118808	0.118748
-1.75439	0.122091	0.121943
-1.65414	0.125278	0.125041
-1.55388	0.128354	0.128027
-1.45363	0.131309	0.130892
-1.35338	0.134128	0.133624
-1.25313	0.136802	0.136212
-1.15288	0.139319	0.138645
-1.05263	0.141667	0.140913
-0.952381	0.143837	0.143007
-0.85213	0.145819	0.144919
-0.75188	0.147604	0.146639
-0.651629	0.149185	0.148162
-0.551378	0.150553	0.149479
-0.451128	0.151703	0.150586
-0.350877	0.15263	0.151477
-0.250627	0.153328	0.152149
-0.150376	0.153796	0.152599
-0.0501253	0.15403	0.152824
0.0501253	0.15403	0.152824
0.150376	0.153796	0.152599
0.250627	0.153328	0.152149
0.350877	0.15263	0.151477
0.451128	0.151703	0.150586
0.551378	0.150553	0.149479
0.651629	0.149185	0.148162
0.75188	0.147604	0.146639
0.85213	0.145819	0.144919
0.952381	0.143837	0.143007
1.05263	0.141667	0.140913
1.15288	0.139319	0.138645
1.25313	0.136802	0.136212
1.35338	0.134128	0.133624
1.45363	0.131309	0.130892
1.55388	0.128354	0.128027
1.65414	0.125278	0.125041
1.75439	0.122091	0.121943
1.85464	0.118808	0.118748
1.95489	0.115439	0.115465
2.05514	0.111999	0.112108
2.15539	0.108499	0.108688
2.25564	0.104952	0.105217
2.35589	0.10137	0.101706
2.45614	0.0977658	0.0981679
2.55639	0.09415	0.0946131
2.65664	0.0905343	0.0910525
2.75689	0.0869294	0.0874967
2.85714	0.0833456	0.0839559
2.95739	0.0797926	0.0804396
3.05764	0.0762795	0.0769569
3.15789	0.072815	0.0735165
3.25815	0.069407	0.0701263
3.3584	0.0660629	0.0667938
3.45865	0.0627891	0.063526
3.5589	0.0595918	0.0603289
3.65915	0.0564763	0.0572083
3.7594	0.0534472	0.0541691
3.85965	0.0505086	0.0512157
3.9599	0.0476638	0.048352
4.06015	0.0449157	0.0455811
4.1604	0.0422665	0.0429056
4.26065	0.0397177	0.0403277
4.3609	0.0372705	0.0378487
4.46115	0.0349254	0.0354698
4.5614	0.0326825	0.0331914
4.66165	0.0305413	0.0310136
4.7619	0.0285013	0.0289359
4.86216	0.026561	0.0269576
4.96241	0.0247192	0.0250775
5.06266	0.0229738	0.0232942
5.16291	0.0213228	0.0216058
5.26316	0.0197638	0.0200102
5.36341	0.0182943	0.0185051
5.46366	0.0169115	0.0170881
5.56391	0.0156125	0.0157562
5.66416	0.0143942	0.0145068
5.76441	0.0132535	0.0133367
5.86466	0.0121873	0.0122429
5.96491	0.0111923	0.0112223
6.06516	0.0102653	0.0102716
6.16541	0.00940288	0.00938755
6.26566	0.00860191	0.00856695
6.36591	0.00785914	0.00780656
6.46617	0.00717142	0.00710317
6.56642	0.00653562	0.00645363
6.66667	0.00594874	0.00585484
6.76692	0.0054078	0.00530378
6.86717	0.00490996	0.0047975
6.96742	0.00445246	0.00433315
7.06767	0.00403264	0.00390798
7.16792	0.00364796	0.00351933
7.26817	0.00329597	0.00316466
7.36842	0.00297436	0.00284153
7.46867	0.00268093	0.00254764
7.56892	0.00241356	0.00228077
7.66917	0.00217029	0.00203885
7.76942	0.00194925	0.00181991
7.86967	0.00174867	0.00162208
7.96992	0.00156691	0.00144362
8.07018	0.00140243	0.0012829
8.17043	0.00125377	0.0011384
8.27068	0.00111959	0.00100868
8.37093	0.000998641	0.000892425
8.47118	0.000889755	0.000788405
8.57143	0.000791856	0.000695483
8.67168	0.000703947	0.000612608
8.77193	0.000625106	0.000538813
8.87218	0.000554488	0.000473209
8.97243	0.000491311	0.00041498
9.07268	0.000434863	0.00036338
9.17293	0.000384486	0.000317726
9.27318	0.000339583	0.000277399
9.37343	0.000299606	0.000241833
9.47368	0.000264057	0.000210517
9.57393	0.000232483	0.000182985
9.67419	0.000204471	0.00015882
9.77444	0.00017965	0.000137643
9.87469	0.00015768	0.000119114
9.97494	0.000138256	0.000102927
10.0752	0.000121103	8.88084e-05
10.1754	0.000105971	7.65137e-05
10.2757	9.26378e-05	6.58239e-05
10.3759	8.09022e-05	5.65441e-05
10.4762	7.05839e-05	4.8501e-05
10.5764	6.15217e-05	4.15406e-05
10.6767	5.35711e-05	3.55266e-05
10.7769	4.66031e-05	3.03386e-05
10.8772	4.05029e-05	2.58699e-05
10.9774	3.51678e-05	2.2027e-05
11.0777	3.05068e-05	1.87272e-05
11.1779	2.64389e-05	1.58983e-05
11.2782	2.28922e-05	1.34768e-05
11.3784	1.9803e-05	1.14073e-05
11.4787	1.71151e-05	9.6414e-06
11.5789	1.47786e-05	8.13682e-06
11.6792	1.27496e-05	6.85692e-06
11.7794	1.09894e-05	5.76982e-06
11.8797	9.46382e-06	4.84792e-06
11.9799	8.14284e-06	4.06731e-06
12.0802	7.00014e-06	3.40736e-06
12.1805	6.01258e-06	2.85029e-06
12.2807	5.15991e-06	2.38077e-06
12.381	4.42438e-06	1.98567e-06
12.4812	3.79049e-06	1.6537e-06
12.5815	3.24468e-06	1.37519e-06
12.6817	2.77516e-06	1.1419e-06
12.782	2.37161e-06	9.46794e-07
12.8822	2.02508e-06	7.83864e-07
12.9825	1.72777e-06	6.48016e-07
13.0827	1.47292e-06	5.3492e-07
13.183	1.25465e-06	4.40912e-07
13.2832	1.06788e-06	3.6289e-07
13.3835	9.08186e-07	2.98233e-07
13.4837	7.71771e-07	2.44735e-07
13.584	6.55335e-07	2.00538e-07
13.6842	5.56035e-07	1.6408e-07
13.7845	4.7142e-07	1.34053e-07
13.8847	3.99378e-07	1.09359e-07
13.985	3.38089e-07	8.9082e-08
14.0852	2.85991e-07	7.2458e-08
14.1855	2.41741e-07	5.88494e-08
14.2857	2.04187e-07	4.77262e-08
14.386	1.72341e-07	3.86484e-08
14.4862	1.45355e-07	3.1251e-08
14.5865	1.22507e-07	2.52323e-08
14.6867	1.03176e-07	2.03427e-08
14.787	8.68342e-08	1.63765e-08
14.8872	7.3029e-08	1.31641e-08
14.9875	6.13756e-08	1.05662e-08
15.0877	5.15459e-08	8.46856e-09
15.188	4.32608e-08	6.77731e-09
15.2882	3.62825e-08	5.41583e-09
15.3885	3.04092e-08	4.32147e-09
15.4887	2.54695e-08	3.44317e-09
15.589	2.13179e-08	2.73932e-09
15.6892	1.78313e-08	2.17614e-09
15.7895	1.49051e-08	1.7262e-09
15.8897	1.24509e-08	1.36727e-09
15.99	1.03941e-08	1.08138e-09
16.0902	8.67151e-09	8.54001e-10
16.1905	7.22977e-09	6.73441e-10
16.2907	6.02392e-09	5.30273e-10
16.391	5.01604e-09	4.16926e-10
16.4912	4.17418e-09	3.27324e-10
16.5915	3.47147e-09	2.56599e-10
16.6917	2.88528e-09	2.00859e-10
16.792	2.39662e-09	1.56996e-10
16.8922	1.98951e-09	1.22531e-10
16.9925	1.65057e-09	9.54903e-11
17.0927	1.36855e-09	7.43076e-11
17.193	1.13405e-09	5.77387e-11
17.2932	9.39172e-10	4.47981e-11
17.3935	7.77331e-10	3.47066e-11
17.4937	6.43006e-10	2.68487e-11
17.594	5.31585e-10	2.07393e-11
17.6942	4.39218e-10	1.59964e-11
17.7945	3.62692e-10	1.232e-11
17.8947	2.99327e-10	9.47458e-12
17.995	2.4689e-10	7.27558e-12
18.0952	2.03519e-10	5.57872e-12
18.1955	1.67668e-10	4.2713e-12
18.2957	1.38046e-10	3.26547e-12
18.396	1.13584e-10	2.49282e-12
18.4962	9.33905e-11	1.90018e-12
18.5965	7.67273e-11	1.4463e-12
18.6967	6.29802e-11	1.09921e-12
18.797	5.16398e-11	8.34183e-13
18.8972	4.22832e-11	6.32124e-13
18.9975	3.45594e-11	4.78302e-13
19.0977	2.8177e-11	3.61378e-13
19.198	2.28934e-11	2.72634e-13
19.2982	1.85068e-11	2.0538e-13
19.3985	1.48486e-11	1.54488e-13
19.4987	1.17772e-11	1.16036e-13
19.599	9.17285e-12	8.70256e-14
19.6992	6.93359e-12	6.51722e-14
19.7995	4.97104e-12	4.87345e-14
19.8997	3.20733e-12	3.6389e-14
20	1.57214e-12	2.71308e-14
