-20	9.88019e-12	5.65415e-13
-19.8997	2.01073e-11	7.35265e-13
-19.7995	3.10398e-11	9.54877e-13
-19.6992	4.30593e-11	1.23845e-12
-19.599	5.65829e-11	1.60411e-12
-19.4987	7.20775e-11	2.075e-12
-19.3985	9.00738e-11	2.68058e-12
-19.2982	1.11184e-10	3.45832e-12
-19.198	1.36122e-10	4.45584e-12
-19.0977	1.65723e-10	5.7335e-12
-18.9975	2.00974e-10	7.36779e-12
-18.8972	2.43041e-10	9.45544e-12
-18.797	2.93305e-10	1.21186e-11
-18.6967	3.53407e-10	1.55114e-11
-18.5965	4.25293e-10	1.98278e-11
-18.4962	5.11279e-10	2.5312e-11
-18.396	6.14113e-10	3.22703e-11
-18.2957	7.37061e-10	4.10874e-11
-18.1955	8.84e-10	5.22444e-11
-18.0952	1.05953e-09	6.63434e-11
-17.995	1.26912e-09	8.41362e-11
-17.8947	1.51923e-09	1.0656e-10
-17.7945	1.81755e-09	1.34782e-10
-17.6942	2.17315e-09	1.70254e-10
-17.594	2.59679e-09	2.14778e-10
-17.4937	3.10118e-09	2.70588e-10
-17.3935	3.70136e-09	3.4045e-10
-17.2932	4.41508e-09	4.27785e-10
-17.193	5.2633e-09	5.36815e-10
-17.0927	6.27073e-09	6.72745e-10
-16.9925	7.4665e-09	8.41982e-10
-16.8922	8.88492e-09	1.0524e-09
-16.792	1.05664e-08	1.31368e-09
-16.6917	1.25583e-08	1.63765e-09
-16.5915	1.49167e-08	2.03883e-09
-16.4912	1.77068e-08	2.53493e-09
-16.391	2.10058e-08	3.1476e-09
-16.2907	2.49038e-08	3.90318e-09
-16.1905	2.95064e-08	4.83376e-09
-16.0902	3.49374e-08	5.97831e-09
-15.99	4.13414e-08	7.38411e-09
-15.8897	4.88878e-08	9.10846e-09
-15.7895	5.7774e-08	1.12207e-08
-15.6892	6.82309e-08	1.38044e-08
-15.589	8.05272e-08	1.69608e-08
-15.4887	9.49765e-08	2.08113e-08
-15.3885	1.11944e-07	2.55023e-08
-15.2882	1.31853e-07	3.12095e-08
-15.188	1.55198e-07	3.81435e-08
-15.0877	1.82552e-07	4.65566e-08
-14.9875	2.1458e-07	5.67504e-08
-14.8872	2.52053e-07	6.90848e-08
-14.787	2.95864e-07	8.39893e-08
-14.6867	3.47046e-07	1.01974e-07
-14.5865	4.06795e-07	1.23648e-07
-14.4862	4.76492e-07	1.49729e-07
-14.386	5.57731e-07	1.81073e-07
-14.2857	6.52351e-07	2.1869e-07
-14.1855	7.6247e-07	2.63773e-07
-14.0852	8.90527e-07	3.17731e-07
-13.985	1.03933e-06	3.82221e-07
-13.8847	1.21209e-06	4.59193e-07
-13.7845	1.41253e-06	5.5094e-07
-13.6842	1.64487e-06	6.60145e-07
-13.584	1.91398e-06	7.89953e-07
-13.4837	2.22543e-06	9.44039e-07
-13.3835	2.58558e-06	1.12669e-06
-13.2832	3.00169e-06	1.34291e-06
-13.183	3.48208e-06	1.59851e-06
-13.0827	4.03619e-06	1.90026e-06
-12.9825	4.6748e-06	2.25598e-06
-12.8822	5.41017e-06	2.67475e-06
-12.782	6.25623e-06	3.16708e-06
-12.6817	7.2288e-06	3.74509e-06
-12.5815	8.34582e-06	4.42274e-06
-12.4812	9.62761e-06	5.21612e-06
-12.381	1.10972e-05	6.14371e-06
-12.2807	1.27806e-05	7.22671e-06
-12.1805	1.47071e-05	8.4894e-06
-12.0802	1.69099e-05	9.95956e-06
-11.9799	1.94263e-05	1.16689e-05
-11.8797	2.22983e-05	1.36536e-05
-11.7794	2.55732e-05	1.59548e-05
-11.6792	2.93039e-05	1.86192e-05
-11.5789	3.35499e-05	2.16999e-05
-11.4787	3.83779e-05	2.5257e-05
-11.3784	4.38623e-05	2.93583e-05
-11.2782	5.00864e-05	3.40807e-05
-11.1779	5.71431e-05	3.95105e-05
-11.0777	6.5136e-05	4.5745e-05
-10.9774	7.41805e-05	5.28933e-05
-10.8772	8.44046e-05	6.1078e-05
-10.7769	9.59509e-05	7.04362e-05
-10.6767	0.000108977	8.1121e-05
-10.5764	0.000123658	9.33035e-05
-10.4762	0.000140187	0.000107174
-10.3759	0.000158778	0.000122944
-10.2757	0.000179665	0.000140848
-10.1754	0.00020311	0.000161147
-10.0752	0.000229396	0.000184129
-9.97494	0.000258836	0.00021011
-9.87469	0.000291775	0.000239441
-9.77444	0.000328589	0.000272506
-9.67419	0.000369689	0.000309729
-9.57393	0.000415522	0.000351571
-9.47368	0.00046658	0.00039854
-9.37343	0.000523394	0.000451188
-9.27318	0.000586542	0.000510117
-9.17293	0.000656652	0.000575982
-9.07268	0.000734403	0.000649493
-8.97243	0.00082053	0.00073142
-8.87218	0.000915824	0.000822595
-8.77193	0.00102114	0.000923915
-8.67168	0.0011374	0.00103635
-8.57143	0.00126558	0.00116093
-8.47118	0.00140674	0.00129876
-8.37093	0.001562	0.00145105
-8.27068	0.00173259	0.00161906
-8.17043	0.00191976	0.00180414
-8.07018	0.0021249	0.00200772
-7.96992	0.00234944	0.00223132
-7.86967	0.00259491	0.00247656
-7.76942	0.00286293	0.00274513
-7.66917	0.0031552	0.00303881
-7.56892	0.00347352	0.00335946
-7.46867	0.00381974	0.00370906
-7.36842	0.00419584	0.00408963
-7.26817	0.00460386	0.00450331
-7.16792	0.00504592	0.00495228
-7.06767	0.00552423	0.00543884
-6.96742	0.00604107	0.00596532
-6.86717	0.00659879	0.00653413
-6.76692	0.0071998	0.00714774
-6.66667	0.00784657	0.00780866
-6.56642	0.00854162	0.00851944
-6.46617	0.00928751	0.00928265
-6.36591	0.0100868	0.0101009
-6.26566	0.0109422	0.0109768
-6.16541	0.0118562	0.0119129
-6.06516	0.0128315	0.0129117
-5.96491	0.0138706	0.0139759
-5.86466	0.0149761	0.0151078
-5.76441	0.0161504	0.0163098
-5.66416	0.017396	0.0175843
-5.56391	0.0187152	0.0189333
-5.46366	0.0201101	0.020359
-5.36341	0.0215829	0.0218631
-5.26316	0.0231354	0.0234473
-5.16291	0.0247693	0.0251132
-5.06266	0.0264861	0.026862
-4.96241	0.028287	0.0286946
-4.86216	0.0301732	0.0306119
-4.7619	0.0321452	0.0326141
-4.66165	0.0342036	0.0347015
-4.5614	0.0363483	0.0368738
-4.46115	0.0385792	0.0391304
-4.3609	0.0408955	0.0414703
-4.26065	0.0432963	0.0438921
-4.1604	0.04578	0.0463941
-4.06015	0.0483448	0.0489741
-3.9599	0.0509883	0.0516293
-3.85965	0.0537077	0.0543567
-3.7594	0.0564996	0.0571527
-3.65915	0.0593604	0.0600132
-3.5589	0.0622856	0.0629338
-3.45865	0.0652706	0.0659094
-3.3584	0.06831	0.0689347
-3.25815	0.0713981	0.0720038
-3.15789	0.0745286	0.0751103
-3.05764	0.0776948	0.0782474
-2.95739	0.0808895	0.0814081
-2.85714	0.0841051	0.0845847
-2.75689	0.0873336	0.0877693
-2.65664	0.0905664	0.0909537
-2.55639	0.0937949	0.0941293
-2.45614	0.0970099	0.0972873
-2.35589	0.100202	0.100419
-2.25564	0.103362	0.103514
-2.15539	0.106479	0.106564
-2.05514	0.109544	0.109559
-1.95489	0.112547	0.11249
-1.85464	0.115478	0.115347
-1.75439	0.118326	0.11812
-1.65414	0.121081	0.120801
-1.55388	0.123735	0.123379
-1.45363	0.126276	0.125846
-1.35338	0.128696	0.128193
-1.25313	0.130985	0.130412
-1.15288	0.133136	0.132494
-1.05263	0.135138	0.134432
-0.952381	0.136986	0.136218
-0.85213	0.13867	0.137846
-0.75188	0.140185	0.139309
-0.651629	0.141525	0.140602
-0.551378	0.142683	0.14172
-0.451128	0.143656	0.142659
-0.350877	0.144439	0.143414
-0.250627	0.14503	0.143983
-0.150376	0.145424	0.144364
-0.0501253	0.145622	0.144554
0.0501253	0.145622	0.144554
0.150376	0.145424	0.144364
0.250627	0.14503	0.143983
0.350877	0.144439	0.143414
0.451128	0.143656	0.142659
0.551378	0.142683	0.14172
0.651629	0.141525	0.140602
0.75188	0.140185	0.139309
0.85213	0.13867	0.137846
0.952381	0.136986	0.136218
1.05263	0.135138	0.134432
1.15288	0.133136	0.132494
1.25313	0.130985	0.130412
1.35338	0.128696	0.128193
1.45363	0.126276	0.125846
1.55388	0.123735	0.123379
1.65414	0.121081	0.120801
1.75439	0.118326	0.11812
1.85464	0.115478	0.115347
1.95489	0.112547	0.11249
2.05514	0.109544	0.109559
2.15539	0.106479	0.106564
2.25564	0.103362	0.103514
2.35589	0.100202	0.100419
2.45614	0.0970099	0.0972873
2.55639	0.0937949	0.0941293
2.65664	0.0905664	0.0909537
2.75689	0.0873336	0.0877693
2.85714	0.0841051	0.0845847
2.95739	0.0808895	0.0814081
3.05764	0.0776948	0.0782474
3.15789	0.0745286	0.0751103
3.25815	0.0713981	0.0720038
3.3584	0.06831	0.0689347
3.45865	0.0652706	0.0659094
3.5589	0.0622856	0.0629338
3.65915	0.0593604	0.0600132
3.7594	0.0564996	0.0571527
3.85965	0.0537077	0.0543567
3.9599	0.0509883	0.0516293
4.06015	0.0483448	0.0489741
4.1604	0.04578	0.0463941
4.26065	0.0432963	0.0438921
4.3609	0.0408955	0.0414703
4.46115	0.0385792	0.0391304
4.5614	0.0363483	0.0368738
4.66165	0.0342036	0.0347015
4.7619	0.0321452	0.0326141
4.86216	0.0301732	0.0306119
4.96241	0.028287	0.0286946
5.06266	0.0264861	0.026862
5.16291	0.0247693	0.0251132
5.26316	0.0231354	0.0234473
5.36341	0.0215829	0.0218631
5.46366	0.0201101	0.020359
5.56391	0.0187152	0.0189333
5.66416	0.017396	0.0175843
5.76441	0.0161504	0.0163098
5.86466	0.0149761	0.0151078
5.96491	0.0138706	0.0139759
6.06516	0.0128315	0.0129117
6.16541	0.0118562	0.0119129
6.26566	0.0109422	0.0109768
6.36591	0.0100868	0.0101009
6.46617	0.00928751	0.00928265
6.56642	0.00854162	0.00851944
6.66667	0.00784657	0.00780866
6.76692	0.0071998	0.00714774
6.86717	0.00659879	0.00653413
6.96742	0.00604107	0.00596532
7.06767	0.00552423	0.00543884
7.16792	0.00504592	0.00495228
7.26817	0.00460386	0.00450331
7.36842	0.00419584	0.00408963
7.46867	0.00381974	0.00370906
7.56892	0.00347352	0.00335946
7.66917	0.0031552	0.00303881
7.76942	0.00286293	0.00274513
7.86967	0.00259491	0.00247656
7.96992	0.00234944	0.00223132
8.07018	0.0021249	0.00200772
8.17043	0.00191976	0.00180414
8.27068	0.00173259	0.00161906
8.37093	0.001562	0.00145105
8.47118	0.00140674	0.00129876
8.57143	0.00126558	0.00116093
8.67168	0.0011374	0.00103635
8.77193	0.00102114	0.000923915
8.87218	0.000915824	0.000822595
8.97243	0.00082053	0.00073142
9.07268	0.000734403	0.000649493
9.17293	0.000656652	0.000575982
9.27318	0.000586542	0.000510117
9.37343	0.000523394	0.000451188
9.47368	0.00046658	0.00039854
9.57393	0.000415522	0.000351571
9.67419	0.000369689	0.000309729
9.77444	0.000328589	0.000272506
9.87469	0.000291775	0.000239441
9.97494	0.000258836	0.00021011
10.0752	0.000229396	0.000184129
10.1754	0.00020311	0.000161147
10.2757	0.000179665	0.000140848
10.3759	0.000158778	0.000122944
10.4762	0.000140187	0.000107174
10.5764	0.000123658	9.33035e-05
10.6767	0.000108977	8.1121e-05
10.7769	9.59509e-05	7.04362e-05
10.8772	8.44046e-05	6.1078e-05
10.9774	7.41805e-05	5.28933e-05
11.0777	6.5136e-05	4.5745e-05
11.1779	5.71431e-05	3.95105e-05
11.2782	5.00864e-05	3.40807e-05
11.3784	4.38623e-05	2.93583e-05
11.4787	3.83779e-05	2.5257e-05
11.5789	3.35499e-05	2.16999e-05
11.6792	2.93039e-05	1.86192e-05
11.7794	2.55732e-05	1.59548e-05
11.8797	2.22983e-05	1.36536e-05
11.9799	1.94263e-05	1.16689e-05
12.0802	1.69099e-05	9.95956e-06
12.1805	1.47071e-05	8.4894e-06
12.2807	1.27806e-05	7.22671e-06
12.381	1.10972e-05	6.14371e-06
12.4812	9.62761e-06	5.21612e-06
12.5815	8.34582e-06	4.42274e-06
12.6817	7.2288e-06	3.74509e-06
12.782	6.25623e-06	3.16708e-06
12.8822	5.41017e-06	2.67475e-06
12.9825	4.6748e-06	2.25598e-06
13.0827	4.03619e-06	1.90026e-06
13.183	3.48208e-06	1.59851e-06
13.2832	3.00169e-06	1.34291e-06
13.3835	2.58558e-06	1.12669e-06
13.4837	2.22543e-06	9.44039e-07
13.584	1.91398e-06	7.89953e-07
13.6842	1.64487e-06	6.60145e-07
13.7845	1.41253e-06	5.5094e-07
13.8847	1.21209e-06	4.59193e-07
13.985	1.03933e-06	3.82221e-07
14.0852	8.90527e-07	3.17731e-07
14.1855	7.6247e-07	2.63773e-07
14.2857	6.52351e-07	2.1869e-07
14.386	5.57731e-07	1.81073e-07
14.4862	4.76492e-07	1.49729e-07
14.5865	4.06795e-07	1.23648e-07
14.6867	3.47046e-07	1.01974e-07
14.787	2.95864e-07	8.39893e-08
14.8872	2.52053e-07	6.90848e-08
14.9875	2.1458e-07	5.67504e-08
15.0877	1.82552e-07	4.65566e-08
15.188	1.55198e-07	3.81435e-08
15.2882	1.31853e-07	3.12095e-08
15.3885	1.11944e-07	2.55023e-08
15.4887	9.49765e-08	2.08113e-08
15.589	8.05272e-08	1.69608e-08
15.6892	6.82309e-08	1.38044e-08
15.7895	5.7774e-08	1.12207e-08
15.8897	4.88878e-08	9.10846e-09
15.99	4.13414e-08	7.38411e-09
16.0902	3.49374e-08	5.97831e-09
16.1905	2.95064e-08	4.83376e-09
16.2907	2.49038e-08	3.90318e-09
16.391	2.10058e-08	3.1476e-09
16.4912	1.77068e-08	2.53493e-09
16.5915	1.49167e-08	2.03883e-09
16.6917	1.25583e-08	1.63765e-09
16.792	1.05664e-08	1.31368e-09
16.8922	8.88492e-09	1.0524e-09
16.9925	7.4665e-09	8.41982e-10
17.0927	6.27073e-09	6.72745e-10
17.193	5.2633e-09	5.36815e-10
17.2932	4.41508e-09	4.27785e-10
17.3935	3.70136e-09	3.4045e-10
17.4937	3.10118e-09	2.70588e-10
17.594	2.59679e-09	2.14778e-10
17.6942	2.17315e-09	1.70254e-10
17.7945	1.81755e-09	1.34782e-10
17.8947	1.51923e-09	1.0656e-10
17.995	1.26912e-09	8.41362e-11
18.0952	1.05953e-09	6.63434e-11
18.1955	8.84e-10	5.22444e-11
18.2957	7.37061e-10	4.10874e-11
18.396	6.14113e-10	3.22703e-11
18.4962	5.11279e-10	2.5312e-11
18.5965	4.25293e-10	1.98278e-11
18.6967	3.53407e-10	1.55114e-11
18.797	2.93305e-10	1.21186e-11
18.8972	2.43041e-10	9.45544e-12
18.9975	2.00974e-10	7.36779e-12
19.0977	1.65723e-10	5.7335e-12
19.198	1.36122e-10	4.45584e-12
19.2982	1.11184e-10	3.45832e-12
19.3985	9.00738e-11	2.68058e-12
19.4987	7.20775e-11	2.075e-12
19.599	5.65829e-11	1.60411e-12
19.6992	4.30593e-11	1.23845e-12
19.7995	3.10398e-11	9.54877e-13
19.8997	2.01073e-11	7.35265e-13
20	9.88019e-12	5.65415e-13
