-20	4.72184e-11	6.57232e-12
-19.8997	9.58967e-11	8.33537e-12
-19.7995	1.47537e-10	1.05587e-11
-19.6992	2.03726e-10	1.33592e-11
-19.599	2.6618e-10	1.68822e-11
-19.4987	3.36797e-10	2.13089e-11
-19.3985	4.17702e-10	2.68642e-11
-19.2982	5.11317e-10	3.38274e-11
-19.198	6.20419e-10	4.25445e-11
-19.0977	7.48221e-10	5.34441e-11
-18.9975	8.98456e-10	6.70561e-11
-18.8972	1.07548e-09	8.40345e-11
-18.797	1.28439e-09	1.05186e-10
-18.6967	1.53115e-09	1.31505e-10
-18.5965	1.82275e-09	1.64212e-10
-18.4962	2.16741e-09	2.04809e-10
-18.396	2.57475e-09	2.55138e-10
-18.2957	3.05606e-09	3.17456e-10
-18.1955	3.6246e-09	3.94524e-10
-18.0952	4.29589e-09	4.89715e-10
-17.995	5.08814e-09	6.07149e-10
-17.8947	6.02267e-09	7.51846e-10
-17.7945	7.12443e-09	9.29915e-10
-17.6942	8.42262e-09	1.14879e-09
-17.594	9.95138e-09	1.41748e-09
-17.4937	1.17506e-08	1.74693e-09
-17.3935	1.38668e-08	2.15038e-09
-17.2932	1.63545e-08	2.64385e-09
-17.193	1.92768e-08	3.24669e-09
-17.0927	2.27078e-08	3.98221e-09
-16.9925	2.67332e-08	4.87854e-09
-16.8922	3.14533e-08	5.96949e-09
-16.792	3.69842e-08	7.29568e-09
-16.6917	4.34612e-08	8.90585e-09
-16.5915	5.1041e-08	1.08584e-08
-16.4912	5.99058e-08	1.32233e-08
-16.391	7.02664e-08	1.6084e-08
-16.2907	8.23673e-08	1.95402e-08
-16.1905	9.64914e-08	2.37108e-08
-16.0902	1.12966e-07	2.87371e-08
-15.99	1.32169e-07	3.47875e-08
-15.8897	1.54537e-07	4.20614e-08
-15.7895	1.80574e-07	5.07956e-08
-15.6892	2.10861e-07	6.12703e-08
-15.589	2.46067e-07	7.38167e-08
-15.4887	2.86962e-07	8.88262e-08
-15.3885	3.34433e-07	1.0676e-07
-15.2882	3.89497e-07	1.28162e-07
-15.188	4.53325e-07	1.5367e-07
-15.0877	5.27256e-07	1.84035e-07
-14.9875	6.1283e-07	2.20137e-07
-14.8872	7.11807e-07	2.63008e-07
-14.787	8.26202e-07	3.13851e-07
-14.6867	9.58321e-07	3.74078e-07
-14.5865	1.1108e-06	4.45328e-07
-14.4862	1.28663e-06	5.29518e-07
-14.386	1.48925e-06	6.28872e-07
-14.2857	1.72256e-06	7.45976e-07
-14.1855	1.99101e-06	8.83831e-07
-14.0852	2.29965e-06	1.04591e-06
-13.985	2.65422e-06	1.23624e-06
-13.8847	3.06124e-06	1.45945e-06
-13.7845	3.52811e-06	1.72092e-06
-13.6842	4.06319e-06	2.0268e-06
-13.584	4.67598e-06	2.38421e-06
-13.4837	5.3772e-06	2.80129e-06
-13.3835	6.17896e-06	3.2874e-06
-13.2832	7.09494e-06	3.85327e-06
-13.183	8.14056e-06	4.51116e-06
-13.0827	9.33318e-06	5.27506e-06
-12.9825	1.06923e-05	6.16096e-06
-12.8822	1.224e-05	7.18705e-06
-12.782	1.40009e-05	8.37402e-06
-12.6817	1.60027e-05	9.74538e-06
-12.5815	1.82763e-05	1.13278e-05
-12.4812	2.08566e-05	1.31514e-05
-12.381	2.37823e-05	1.52504e-05
-12.2807	2.70969e-05	1.76633e-05
-12.1805	3.08487e-05	2.04336e-05
-12.0802	3.50916e-05	2.36101e-05
-11.9799	3.98859e-05	2.72478e-05
-11.8797	4.52982e-05	3.14086e-05
-11.7794	5.14028e-05	3.61614e-05
-11.6792	5.82821e-05	4.15838e-05
-11.5789	6.60272e-05	4.77622e-05
-11.4787	7.47393e-05	5.47931e-05
-11.3784	8.453e-05	6.2784e-05
-11.2782	9.55227e-05	7.18543e-05
-11.1779	0.000107853	8.2137e-05
-11.0777	0.000121672	9.3779e-05
-10.9774	0.000137144	0.000106943
-10.8772	0.00015445	0.00012181
-10.7769	0.000173789	0.000138578
-10.6767	0.000195379	0.000157466
-10.5764	0.000219459	0.000178715
-10.4762	0.000246289	0.000202589
-10.3759	0.000276155	0.000229379
-10.2757	0.000309367	0.000259401
-10.1754	0.000346262	0.000293002
-10.0752	0.00038721	0.000330561
-9.97494	0.000432607	0.000372489
-9.87469	0.000482888	0.000419235
-9.77444	0.000538519	0.000471284
-9.67419	0.000600008	0.000529162
-9.57393	0.0006679	0.000593439
-9.47368	0.000742784	0.00066473
-9.37343	0.000825292	0.000743697
-9.27318	0.000916104	0.000831051
-9.17293	0.00101595	0.000927557
-9.07268	0.00112561	0.00103404
-8.97243	0.00124592	0.00115136
-8.87218	0.00137777	0.00128047
-8.77193	0.0015221	0.00142235
-8.67168	0.00167993	0.00157807
-8.57143	0.00185232	0.00174875
-8.47118	0.00204041	0.00193558
-8.37093	0.00224539	0.00213981
-8.27068	0.00246853	0.00236277
-8.17043	0.00271115	0.00260585
-8.07018	0.00297466	0.0028705
-7.96992	0.00326052	0.00315825
-7.86967	0.00357025	0.00347071
-7.76942	0.00390547	0.00380952
-7.66917	0.00426782	0.00417642
-7.56892	0.00465905	0.00457319
-7.46867	0.00508094	0.00500168
-7.36842	0.00553533	0.00546379
-7.26817	0.00602414	0.00596147
-7.16792	0.00654932	0.00649672
-7.06767	0.00711288	0.00707158
-6.96742	0.00771685	0.00768812
-6.86717	0.00836332	0.00834843
-6.76692	0.00905438	0.00905464
-6.66667	0.00979218	0.00980886
-6.56642	0.0105788	0.0106132
-6.46617	0.0114165	0.0114699
-6.36591	0.0123073	0.0123808
-6.26566	0.0132533	0.0133482
-6.16541	0.0142566	0.014374
-6.06516	0.0153193	0.0154601
-5.96491	0.0164432	0.0166085
-5.86466	0.0176303	0.0178209
-5.76441	0.0188825	0.019099
-5.66416	0.0202012	0.0204442
-5.56391	0.0215883	0.0218582
-5.46366	0.023045	0.023342
-5.36341	0.0245726	0.0248968
-5.26316	0.0261723	0.0265235
-5.16291	0.0278449	0.0282227
-5.06266	0.0295911	0.029995
-4.96241	0.0314114	0.0318405
-4.86216	0.0333059	0.0337592
-4.7619	0.0352747	0.0357508
-4.66165	0.0373173	0.0378148
-4.5614	0.0394332	0.0399501
-4.46115	0.0416213	0.0421557
-4.3609	0.0438804	0.0444299
-4.26065	0.0462089	0.0467709
-4.1604	0.0486047	0.0491765
-4.06015	0.0510656	0.0516442
-3.9599	0.0535888	0.0541709
-3.85965	0.0561712	0.0567535
-3.7594	0.0588093	0.0593882
-3.65915	0.0614994	0.0620711
-3.5589	0.064237	0.0647977
-3.45865	0.0670176	0.0675634
-3.3584	0.0698362	0.070363
-3.25815	0.0726874	0.0731912
-3.15789	0.0755655	0.0760423
-3.05764	0.0784643	0.07891
-2.95739	0.0813775	0.0817882
-2.85714	0.0842984	0.0846703
-2.75689	0.0872198	0.0875492
-2.65664	0.0901347	0.090418
-2.55639	0.0930353	0.0932694
-2.45614	0.0959141	0.0960959
-2.35589	0.0987631	0.0988899
-2.25564	0.101574	0.101644
-2.15539	0.10434	0.104349
-2.05514	0.107051	0.106999
-1.95489	0.109699	0.109586
-1.85464	0.112277	0.1121
-1.75439	0.114777	0.114536
-1.65414	0.117189	0.116885
-1.55388	0.119507	0.11914
-1.45363	0.121722	0.121293
-1.35338	0.123828	0.123338
-1.25313	0.125816	0.125268
-1.15288	0.12768	0.127076
-1.05263	0.129414	0.128756
-0.952381	0.131011	0.130303
-0.85213	0.132465	0.131711
-0.75188	0.133771	0.132975
-0.651629	0.134925	0.134091
-0.551378	0.135922	0.135055
-0.451128	0.136759	0.135864
-0.350877	0.137432	0.136515
-0.250627	0.137939	0.137005
-0.150376	0.138278	0.137332
-0.0501253	0.138448	0.137496
0.0501253	0.138448	0.137496
0.150376	0.138278	0.137332
0.250627	0.137939	0.137005
0.350877	0.137432	0.136515
0.451128	0.136759	0.135864
0.551378	0.135922	0.135055
0.651629	0.134925	0.134091
0.75188	0.133771	0.132975
0.85213	0.132465	0.131711
0.952381	0.131011	0.130303
1.05263	0.129414	0.128756
1.15288	0.12768	0.127076
1.25313	0.125816	0.125268
1.35338	0.123828	0.123338
1.45363	0.121722	0.121293
1.55388	0.119507	0.11914
1.65414	0.117189	0.116885
1.75439	0.114777	0.114536
1.85464	0.112277	0.1121
1.95489	0.109699	0.109586
2.05514	0.107051	0.106999
2.15539	0.10434	0.104349
2.25564	0.101574	0.101644
2.35589	0.0987631	0.0988899
2.45614	0.0959141	0.0960959
2.55639	0.0930353	0.0932694
2.65664	0.0901347	0.090418
2.75689	0.0872198	0.0875492
2.85714	0.0842984	0.0846703
2.95739	0.0813775	0.0817882
3.05764	0.0784643	0.07891
3.15789	0.0755655	0.0760423
3.25815	0.0726874	0.0731912
3.3584	0.0698362	0.070363
3.45865	0.0670176	0.0675634
3.5589	0.064237	0.0647977
3.65915	0.0614994	0.0620711
3.7594	0.0588093	0.0593882
3.85965	0.0561712	0.0567535
3.9599	0.0535888	0.0541709
4.06015	0.0510656	0.0516442
4.1604	0.0486047	0.0491765
4.26065	0.0462089	0.0467709
4.3609	0.0438804	0.0444299
4.46115	0.0416213	0.0421557
4.5614	0.0394332	0.0399501
4.66165	0.0373173	0.0378148
4.7619	0.0352747	0.0357508
4.86216	0.0333059	0.0337592
4.96241	0.0314114	0.0318405
5.06266	0.0295911	0.029995
5.16291	0.0278449	0.0282227
5.26316	0.0261723	0.0265235
5.36341	0.0245726	0.0248968
5.46366	0.023045	0.023342
5.56391	0.0215883	0.0218582
5.66416	0.0202012	0.0204442
5.76441	0.0188825	0.019099
5.86466	0.0176303	0.0178209
5.96491	0.0164432	0.0166085
6.06516	0.0153193	0.0154601
6.16541	0.0142566	0.014374
6.26566	0.0132533	0.0133482
6.36591	0.0123073	0.0123808
6.46617	0.0114165	0.0114699
6.56642	0.0105788	0.0106132
6.66667	0.00979218	0.00980886
6.76692	0.00905438	0.00905464
6.86717	0.00836332	0.00834843
6.96742	0.00771685	0.00768812
7.06767	0.00711288	0.00707158
7.16792	0.00654932	0.00649672
7.26817	0.00602414	0.00596147
7.36842	0.00553533	0.00546379
7.46867	0.00508094	0.00500168
7.56892	0.00465905	0.00457319
7.66917	0.00426782	0.00417642
7.76942	0.00390547	0.00380952
7.86967	0.00357025	0.00347071
7.96992	0.00326052	0.00315825
8.07018	0.00297466	0.0028705
8.17043	0.00271115	0.00260585
8.27068	0.00246853	0.00236277
8.37093	0.00224539	0.00213981
8.47118	0.00204041	0.00193558
8.57143	0.00185232	0.00174875
8.67168	0.00167993	0.00157807
8.77193	0.0015221	0.00142235
8.87218	0.00137777	0.00128047
8.97243	0.00124592	0.00115136
9.07268	0.00112561	0.00103404
9.17293	0.00101595	0.000927557
9.27318	0.000916104	0.000831051
9.37343	0.000825292	0.000743697
9.47368	0.000742784	0.00066473
9.57393	0.0006679	0.000593439
9.67419	0.000600008	0.000529162
9.77444	0.000538519	0.000471284
9.87469	0.000482888	0.000419235
9.97494	0.000432607	0.000372489
10.0752	0.00038721	0.000330561
10.1754	0.000346262	0.000293002
10.2757	0.000309367	0.000259401
10.3759	0.000276155	0.000229379
10.4762	0.000246289	0.000202589
10.5764	0.000219459	0.000178715
10.6767	0.000195379	0.000157466
10.7769	0.000173789	0.000138578
10.8772	0.00015445	0.00012181
10.9774	0.000137144	0.000106943
11.0777	0.000121672	9.3779e-05
11.1779	0.000107853	8.2137e-05
11.2782	9.55227e-05	7.18543e-05
11.3784	8.453e-05	6.2784e-05
11.4787	7.47393e-05	5.47931e-05
11.5789	6.60272e-05	4.77622e-05
11.6792	5.82821e-05	4.15838e-05
11.7794	5.14028e-05	3.61614e-05
11.8797	4.52982e-05	3.14086e-05
11.9799	3.98859e-05	2.72478e-05
12.0802	3.50916e-05	2.36101e-05
12.1805	3.08487e-05	2.04336e-05
12.2807	2.70969e-05	1.76633e-05
12.381	2.37823e-05	1.52504e-05
12.4812	2.08566e-05	1.31514e-05
12.5815	1.82763e-05	1.13278e-05
12.6817	1.60027e-05	9.74538e-06
12.782	1.40009e-05	8.37402e-06
12.8822	1.224e-05	7.18705e-06
12.9825	1.06923e-05	6.16096e-06
13.0827	9.33318e-06	5.27506e-06
13.183	8.14056e-06	4.51116e-06
13.2832	7.09494e-06	3.85327e-06
13.3835	6.17896e-06	3.2874e-06
13.4837	5.3772e-06	2.80129e-06
13.584	4.67598e-06	2.38421e-06
13.6842	4.06319e-06	2.0268e-06
13.7845	3.52811e-06	1.72092e-06
13.8847	3.06124e-06	1.45945e-06
13.985	2.65422e-06	1.23624e-06
14.0852	2.29965e-06	1.04591e-06
14.1855	1.99101e-06	8.83831e-07
14.2857	1.72256e-06	7.45976e-07
14.386	1.48925e-06	6.28872e-07
14.4862	1.28663e-06	5.29518e-07
14.5865	1.1108e-06	4.45328e-07
14.6867	9.58321e-07	3.74078e-07
14.787	8.26202e-07	3.13851e-07
14.8872	7.11807e-07	2.63008e-07
14.9875	6.1283e-07	2.20137e-07
15.0877	5.27256e-07	1.84035e-07
15.188	4.53325e-07	1.5367e-07
15.2882	3.89497e-07	1.28162e-07
15.3885	3.34433e-07	1.0676e-07
15.4887	2.86962e-07	8.88262e-08
15.589	2.46067e-07	7.38167e-08
15.6892	2.10861e-07	6.12703e-08
15.7895	1.80574e-07	5.07956e-08
15.8897	1.54537e-07	4.20614e-08
15.99	1.32169e-07	3.47875e-08
16.0902	1.12966e-07	2.87371e-08
16.1905	9.64914e-08	2.37108e-08
16.2907	8.23673e-08	1.95402e-08
16.391	7.02664e-08	1.6084e-08
16.4912	5.99058e-08	1.32233e-08
16.5915	5.1041e-08	1.08584e-08
16.6917	4.34612e-08	8.90585e-09
16.792	3.69842e-08	7.29568e-09
16.8922	3.14533e-08	5.96949e-09
16.9925	2.67332e-08	4.87854e-09
17.0927	2.27078e-08	3.98221e-09
17.193	1.92768e-08	3.24669e-09
17.2932	1.63545e-08	2.64385e-09
17.3935	1.38668e-08	2.15038e-09
17.4937	1.17506e-08	1.74693e-09
17.594	9.95138e-09	1.41748e-09
17.6942	8.42262e-09	1.14879e-09
17.7945	7.12443e-09	9.29915e-10
17.8947	6.02267e-09	7.51846e-10
17.995	5.08814e-09	6.07149e-10
18.0952	4.29589e-09	4.89715e-10
18.1955	3.6246e-09	3.94524e-10
18.2957	3.05606e-09	3.17456e-10
18.396	2.57475e-09	2.55138e-10
18.4962	2.16741e-09	2.04809e-10
18.5965	1.82275e-09	1.64212e-10
18.6967	1.53115e-09	1.31505e-10
18.797	1.28439e-09	1.05186e-10
18.8972	1.07548e-09	8.40345e-11
18.9975	8.98456e-10	6.70561e-11
19.0977	7.48221e-10	5.34441e-11
19.198	6.20419e-10	4.25445e-11
19.2982	5.11317e-10	3.38274e-11
19.3985	4.17702e-10	2.68642e-11
19.4987	3.36797e-10	2.13089e-11
19.599	2.6618e-10	1.68822e-11
19.6992	2.03726e-10	1.33592e-11
19.7995	1.47537e-10	1.05587e-11
19.8997	9.58967e-11	8.33537e-12
20	4.72184e-11	6.57232e-12
