-20	1.81568e-10	4.96464e-11
-19.8997	3.68105e-10	6.16758e-11
-19.7995	5.64705e-10	7.65363e-11
-19.6992	7.76713e-10	9.4874e-11
-19.599	1.00986e-09	1.17477e-10
-19.4987	1.27042e-09	1.45307e-10
-19.3985	1.56532e-09	1.79533e-10
-19.2982	1.90236e-09	2.2158e-10
-19.198	2.29037e-09	2.73175e-10
-19.0977	2.73946e-09	3.36419e-10
-18.9975	3.26118e-09	4.13852e-10
-18.8972	3.86887e-09	5.08553e-10
-18.797	4.57796e-09	6.24244e-10
-18.6967	5.40628e-09	7.65418e-10
-18.5965	6.37448e-09	9.37497e-10
-18.4962	7.50655e-09	1.14701e-09
-18.396	8.83028e-09	1.40182e-09
-18.2957	1.03779e-08	1.71136e-09
-18.1955	1.21869e-08	2.08698e-09
-18.0952	1.43005e-08	2.54227e-09
-17.995	1.67691e-08	3.09351e-09
-17.8947	1.96508e-08	3.76018e-09
-17.7945	2.30132e-08	4.56553e-09
-17.6942	2.69342e-08	5.53733e-09
-17.594	3.15041e-08	6.70867e-09
-17.4937	3.68272e-08	8.11894e-09
-17.3935	4.3024e-08	9.81495e-09
-17.2932	5.02334e-08	1.18523e-08
-17.193	5.8616e-08	1.4297e-08
-17.0927	6.83566e-08	1.72272e-08
-16.9925	7.96681e-08	2.07352e-08
-16.8922	9.27957e-08	2.49305e-08
-16.792	1.08021e-07	2.99418e-08
-16.6917	1.25669e-07	3.59213e-08
-16.5915	1.4611e-07	4.30481e-08
-16.4912	1.69773e-07	5.15325e-08
-16.391	1.97146e-07	6.16219e-08
-16.2907	2.28792e-07	7.36064e-08
-16.1905	2.65352e-07	8.78259e-08
-16.0902	3.07562e-07	1.04678e-07
-15.99	3.56262e-07	1.24628e-07
-15.8897	4.12413e-07	1.48218e-07
-15.7895	4.77111e-07	1.76082e-07
-15.6892	5.51606e-07	2.08956e-07
-15.589	6.37323e-07	2.47697e-07
-15.4887	7.35884e-07	2.93301e-07
-15.3885	8.49135e-07	3.46922e-07
-15.2882	9.79177e-07	4.099e-07
-15.188	1.12839e-06	4.83782e-07
-15.0877	1.29949e-06	5.70358e-07
-14.9875	1.49553e-06	6.71696e-07
-14.8872	1.72e-06	7.90177e-07
-14.787	1.97684e-06	9.28543e-07
-14.6867	2.27049e-06	1.08995e-06
-14.5865	2.606e-06	1.27802e-06
-14.4862	2.98904e-06	1.49691e-06
-14.386	3.42604e-06	1.75137e-06
-14.2857	3.92421e-06	2.04687e-06
-14.1855	4.49171e-06	2.38961e-06
-14.0852	5.13768e-06	2.7867e-06
-13.985	5.87245e-06	3.24623e-06
-13.8847	6.70756e-06	3.77743e-06
-13.7845	7.65601e-06	4.39075e-06
-13.6842	8.73235e-06	5.0981e-06
-13.584	9.95287e-06	5.91295e-06
-13.4837	1.13358e-05	6.85057e-06
-13.3835	1.29016e-05	7.92823e-06
-13.2832	1.46729e-05	9.1654e-06
-13.183	1.66753e-05	1.05841e-05
-13.0827	1.89369e-05	1.2209e-05
-12.9825	2.14895e-05	1.40681e-05
-12.8822	2.43679e-05	1.61927e-05
-12.782	2.76113e-05	1.86177e-05
-12.6817	3.12628e-05	2.13826e-05
-12.5815	3.53706e-05	2.45314e-05
-12.4812	3.99878e-05	2.81131e-05
-12.381	4.51731e-05	3.21827e-05
-12.2807	5.09918e-05	3.68013e-05
-12.1805	5.75155e-05	4.20369e-05
-12.0802	6.48237e-05	4.79649e-05
-11.9799	7.30036e-05	5.46693e-05
-11.8797	8.21514e-05	6.2243e-05
-11.7794	9.23727e-05	7.07886e-05
-11.6792	0.000103784	8.04198e-05
-11.5789	0.000116512	9.12617e-05
-11.4787	0.000130696	0.000103453
-11.3784	0.00014649	0.000117144
-11.2782	0.000164059	0.000132503
-11.1779	0.000183588	0.000149712
-11.0777	0.000205273	0.000168972
-10.9774	0.000229332	0.000190503
-10.8772	0.000256	0.000214542
-10.7769	0.000285532	0.000241352
-10.6767	0.000318208	0.000271216
-10.5764	0.000354326	0.000304443
-10.4762	0.000394214	0.000341368
-10.3759	0.000438222	0.000382355
-10.2757	0.000486731	0.000427797
-10.1754	0.000540149	0.000478118
-10.0752	0.000598917	0.000533775
-9.97494	0.00066351	0.000595262
-9.87469	0.000734435	0.000663109
-9.77444	0.000812236	0.000737883
-9.67419	0.000897497	0.000820195
-9.57393	0.000990841	0.000910695
-9.47368	0.00109293	0.00101008
-9.37343	0.00120448	0.00111909
-9.27318	0.00132623	0.00123851
-9.17293	0.00145899	0.00136918
-9.07268	0.00160361	0.00151199
-8.97243	0.00176097	0.00166788
-8.87218	0.00193203	0.00183784
-8.77193	0.00211779	0.0020229
-8.67168	0.0023193	0.00222418
-8.57143	0.00253766	0.00244281
-8.47118	0.00277402	0.00268002
-8.37093	0.00302961	0.00293705
-8.27068	0.00330569	0.00321523
-8.17043	0.00360356	0.00351592
-8.07018	0.00392462	0.00384054
-7.96992	0.00427027	0.00419056
-7.86967	0.00464199	0.0045675
-7.76942	0.00504131	0.00497293
-7.66917	0.00546978	0.00540843
-7.56892	0.00592902	0.00587567
-7.46867	0.00642067	0.00637632
-7.36842	0.00694641	0.00691208
-7.26817	0.00750797	0.0074847
-7.16792	0.00810708	0.00809592
-7.06767	0.0087455	0.00874752
-6.96742	0.00942501	0.00944126
-6.86717	0.0101474	0.0101789
-6.76692	0.0109144	0.0109622
-6.66667	0.0117278	0.011793
-6.56642	0.0125894	0.0126729
-6.46617	0.0135009	0.0136035
-6.36591	0.014464	0.0145867
-6.26566	0.0154803	0.0156238
-6.16541	0.0165514	0.0167164
-6.06516	0.0176789	0.017866
-5.96491	0.0188641	0.0190738
-5.86466	0.0201084	0.0203411
-5.76441	0.021413	0.0216689
-5.66416	0.022779	0.0230582
-5.56391	0.0242074	0.0245099
-5.46366	0.0256991	0.0260246
-5.36341	0.0272546	0.0276028
-5.26316	0.0288745	0.0292448
-5.16291	0.030559	0.0309507
-5.06266	0.0323083	0.0327205
-4.96241	0.0341222	0.0345537
-4.86216	0.0360004	0.0364499
-4.7619	0.0379422	0.0384082
-4.66165	0.0399469	0.0404276
-4.5614	0.0420133	0.0425069
-4.46115	0.0441401	0.0446444
-4.3609	0.0463255	0.0468383
-4.26065	0.0485676	0.0490864
-4.1604	0.0508642	0.0513864
-4.06015	0.0532127	0.0537356
-3.9599	0.0556103	0.0561309
-3.85965	0.0580538	0.0585691
-3.7594	0.0605397	0.0610466
-3.65915	0.0630644	0.0635595
-3.5589	0.0656236	0.0661038
-3.45865	0.068213	0.0686751
-3.3584	0.0708281	0.0712686
-3.25815	0.0734637	0.0738794
-3.15789	0.0761149	0.0765025
-3.05764	0.078776	0.0791324
-2.95739	0.0814415	0.0817634
-2.85714	0.0841053	0.0843899
-2.75689	0.0867614	0.0870059
-2.65664	0.0894035	0.0896052
-2.55639	0.0920251	0.0921816
-2.45614	0.0946197	0.0947287
-2.35589	0.0971805	0.0972401
-2.25564	0.0997008	0.0997094
-2.15539	0.102174	0.10213
-2.05514	0.104593	0.104495
-1.95489	0.10695	0.106799
-1.85464	0.10924	0.109034
-1.75439	0.111456	0.111195
-1.65414	0.11359	0.113275
-1.55388	0.115637	0.115269
-1.45363	0.11759	0.117169
-1.35338	0.119443	0.118972
-1.25313	0.12119	0.12067
-1.15288	0.122826	0.122259
-1.05263	0.124346	0.123734
-0.952381	0.125743	0.12509
-0.85213	0.127015	0.126324
-0.75188	0.128157	0.127431
-0.651629	0.129164	0.128407
-0.551378	0.130034	0.12925
-0.451128	0.130763	0.129956
-0.350877	0.13135	0.130524
-0.250627	0.131791	0.130952
-0.150376	0.132086	0.131238
-0.0501253	0.132234	0.131381
0.0501253	0.132234	0.131381
0.150376	0.132086	0.131238
0.250627	0.131791	0.130952
0.350877	0.13135	0.130524
0.451128	0.130763	0.129956
0.551378	0.130034	0.12925
0.651629	0.129164	0.128407
0.75188	0.128157	0.127431
0.85213	0.127015	0.126324
0.952381	0.125743	0.12509
1.05263	0.124346	0.123734
1.15288	0.122826	0.122259
1.25313	0.12119	0.12067
1.35338	0.119443	0.118972
1.45363	0.11759	0.117169
1.55388	0.115637	0.115269
1.65414	0.11359	0.113275
1.75439	0.111456	0.111195
1.85464	0.10924	0.109034
1.95489	0.10695	0.106799
2.05514	0.104593	0.104495
2.15539	0.102174	0.10213
2.25564	0.0997008	0.0997094
2.35589	0.0971805	0.0972401
2.45614	0.0946197	0.0947287
2.55639	0.0920251	0.0921816
2.65664	0.0894035	0.0896052
2.75689	0.0867614	0.0870059
2.85714	0.0841053	0.0843899
2.95739	0.0814415	0.0817634
3.05764	0.078776	0.0791324
3.15789	0.0761149	0.0765025
3.25815	0.0734637	0.0738794
3.3584	0.0708281	0.0712686
3.45865	0.068213	0.0686751
3.5589	0.0656236	0.0661038
3.65915	0.0630644	0.0635595
3.7594	0.0605397	0.0610466
3.85965	0.0580538	0.0585691
3.9599	0.0556103	0.0561309
4.06015	0.0532127	0.0537356
4.1604	0.0508642	0.0513864
4.26065	0.0485676	0.0490864
4.3609	0.0463255	0.0468383
4.46115	0.0441401	0.0446444
4.5614	0.0420133	0.0425069
4.66165	0.0399469	0.0404276
4.7619	0.0379422	0.0384082
4.86216	0.0360004	0.0364499
4.96241	0.0341222	0.0345537
5.06266	0.0323083	0.0327205
5.16291	0.030559	0.0309507
5.26316	0.0288745	0.0292448
5.36341	0.0272546	0.0276028
5.46366	0.0256991	0.0260246
5.56391	0.0242074	0.0245099
5.66416	0.022779	0.0230582
5.76441	0.021413	0.0216689
5.86466	0.0201084	0.0203411
5.96491	0.0188641	0.0190738
6.06516	0.0176789	0.017866
6.16541	0.0165514	0.0167164
6.26566	0.0154803	0.0156238
6.36591	0.014464	0.0145867
6.46617	0.0135009	0.0136035
6.56642	0.0125894	0.0126729
6.66667	0.0117278	0.011793
6.76692	0.0109144	0.0109622
6.86717	0.0101474	0.0101789
6.96742	0.00942501	0.00944126
7.06767	0.0087455	0.00874752
7.16792	0.00810708	0.00809592
7.26817	0.00750797	0.0074847
7.36842	0.00694641	0.00691208
7.46867	0.00642067	0.00637632
7.56892	0.00592902	0.00587567
7.66917	0.00546978	0.00540843
7.76942	0.00504131	0.00497293
7.86967	0.00464199	0.0045675
7.96992	0.00427027	0.00419056
8.07018	0.00392462	0.00384054
8.17043	0.00360356	0.00351592
8.27068	0.00330569	0.00321523
8.37093	0.00302961	0.00293705
8.47118	0.00277402	0.00268002
8.57143	0.00253766	0.00244281
8.67168	0.0023193	0.00222418
8.77193	0.00211779	0.0020229
8.87218	0.00193203	0.00183784
8.97243	0.00176097	0.00166788
9.07268	0.00160361	0.00151199
9.17293	0.00145899	0.00136918
9.27318	0.00132623	0.00123851
9.37343	0.00120448	0.00111909
9.47368	0.00109293	0.00101008
9.57393	0.000990841	0.000910695
9.67419	0.000897497	0.000820195
9.77444	0.000812236	0.000737883
9.87469	0.000734435	0.000663109
9.97494	0.00066351	0.000595262
10.0752	0.000598917	0.000533775
10.1754	0.000540149	0.000478118
10.2757	0.000486731	0.000427797
10.3759	0.000438222	0.000382355
10.4762	0.000394214	0.000341368
10.5764	0.000354326	0.000304443
10.6767	0.000318208	0.000271216
10.7769	0.000285532	0.000241352
10.8772	0.000256	0.000214542
10.9774	0.000229332	0.000190503
11.0777	0.000205273	0.000168972
11.1779	0.000183588	0.000149712
11.2782	0.000164059	0.000132503
11.3784	0.00014649	0.000117144
11.4787	0.000130696	0.000103453
11.5789	0.000116512	9.12617e-05
11.6792	0.000103784	8.04198e-05
11.7794	9.23727e-05	7.07886e-05
11.8797	8.21514e-05	6.2243e-05
11.9799	7.30036e-05	5.46693e-05
12.0802	6.48237e-05	4.79649e-05
12.1805	5.75155e-05	4.20369e-05
12.2807	5.09918e-05	3.68013e-05
12.381	4.51731e-05	3.21827e-05
12.4812	3.99878e-05	2.81131e-05
12.5815	3.53706e-05	2.45314e-05
12.6817	3.12628e-05	2.13826e-05
12.782	2.76113e-05	1.86177e-05
12.8822	2.43679e-05	1.61927e-05
12.9825	2.14895e-05	1.40681e-05
13.0827	1.89369e-05	1.2209e-05
13.183	1.66753e-05	1.05841e-05
13.2832	1.46729e-05	9.1654e-06
13.3835	1.29016e-05	7.92823e-06
13.4837	1.13358e-05	6.85057e-06
13.584	9.95287e-06	5.91295e-06
13.6842	8.73235e-06	5.0981e-06
13.7845	7.65601e-06	4.39075e-06
13.8847	6.70756e-06	3.77743e-06
13.985	5.87245e-06	3.24623e-06
14.0852	5.13768e-06	2.7867e-06
14.1855	4.49171e-06	2.38961e-06
14.2857	3.92421e-06	2.04687e-06
14.386	3.42604e-06	1.75137e-06
14.4862	2.98904e-06	1.49691e-06
14.5865	2.606e-06	1.27802e-06
14.6867	2.27049e-06	1.08995e-06
14.787	1.97684e-06	9.28543e-07
14.8872	1.72e-06	7.90177e-07
14.9875	1.49553e-06	6.71696e-07
15.0877	1.29949e-06	5.70358e-07
15.188	1.12839e-06	4.83782e-07
15.2882	9.79177e-07	4.099e-07
15.3885	8.49135e-07	3.46922e-07
15.4887	7.35884e-07	2.93301e-07
15.589	6.37323e-07	2.47697e-07
15.6892	5.51606e-07	2.08956e-07
15.7895	4.77111e-07	1.76082e-07
15.8897	4.12413e-07	1.48218e-07
15.99	3.56262e-07	1.24628e-07
16.0902	3.07562e-07	1.04678e-07
16.1905	2.65352e-07	8.78259e-08
16.2907	2.28792e-07	7.36064e-08
16.391	1.97146e-07	6.16219e-08
16.4912	1.69773e-07	5.15325e-08
16.5915	1.4611e-07	4.30481e-08
16.6917	1.25669e-07	3.59213e-08
16.792	1.08021e-07	2.99418e-08
16.8922	9.27957e-08	2.49305e-08
16.9925	7.96681e-08	2.07352e-08
17.0927	6.83566e-08	1.72272e-08
17.193	5.8616e-08	1.4297e-08
17.2932	5.02334e-08	1.18523e-08
17.3935	4.3024e-08	9.81495e-09
17.4937	3.68272e-08	8.11894e-09
17.594	3.15041e-08	6.70867e-09
17.6942	2.69342e-08	5.53733e-09
17.7945	2.30132e-08	4.56553e-09
17.8947	1.96508e-08	3.76018e-09
17.995	1.67691e-08	3.09351e-09
18.0952	1.43005e-08	2.54227e-09
18.1955	1.21869e-08	2.08698e-09
18.2957	1.03779e-08	1.71136e-09
18.396	8.83028e-09	1.40182e-09
18.4962	7.50655e-09	1.14701e-09
18.5965	6.37448e-09	9.37497e-10
18.6967	5.40628e-09	7.65418e-10
18.797	4.57796e-09	6.24244e-10
18.8972	3.86887e-09	5.08553e-10
18.9975	3.26118e-09	4.13852e-10
19.0977	2.73946e-09	3.36419e-10
19.198	2.29037e-09	2.73175e-10
19.2982	1.90236e-09	2.2158e-10
19.3985	1.56532e-09	1.79533e-10
19.4987	1.27042e-09	1.45307e-10
19.599	1.00986e-09	1.17477e-10
19.6992	7.76713e-10	9.4874e-11
19.7995	5.64705e-10	7.65363e-11
19.8997	3.68105e-10	6.16758e-11
20	1.81568e-10	4.96464e-11
